family	1.Nezara.viridula.Infected.Fat.Body	2.Nezara.viridula.Infected.Ovary	3.Nezara.viridula.Infected.Spermatheca	4.Nezara.viridula.Infected.Egg	5.Nezara.viridula.Clean.Fat.Body	6.Nezara.viridula.Clean.Ovary	7.Nezara.viridula.Clean.Spermatheca	8.Nezara.viridula.Clean.Egg	
rhizobiaceae	0	0	0.0071461750098259906385107400	0.0011184931660067556987226800	0.0047833157945087534679039500	0.275077511247872811618528100	0.3525264394829612220916568700	0.0034634433553839226959443100
pseudonocardiaceae	0	0	0	0.0011184931660067556987226800	0.0358748684588156510092796300	0	0	0
nocardioidaceae	0.0104794341105580298663872200	0	0	0	0.0023916578972543767339519800	0.0139869920973494649975522800	0	0
burkholderiaceae	0.0157191511658370447995808200	0.0961815908435125516976050800	0	0.0022369863320135113974453600	0.1339328422462450971013106300	0.0862531179336550341515723700	0.5806317826778184834450819100	0.0727323104630623766148304600
rhodocyclaceae	0	0	0.0250116125343909672347875800	0	0	0	0	0
neisseriaceae	0	0.0192363181687025103395210200	0.0285847000393039625540429500	0	0	0	0	0
cytophagaceae	0.0261985852763950746659680400	0	0.3215778754421695787329831700	0.005592465830033778493613400	0.0310915526643068975413756800	0.0629414644380725924889852400	0.4331697426326582336812515800	0.1350742908599729851418280100
moraxellaceae	0.1100340581608593135970657600	0.3077810906992401654323362500	0.0107192625147389859577661100	0.0145404111580878240833948500	0.7916387639911986989381038900	1.0816607221950252931440427100	0.4446902145111863781940508300	0.0588785370415266858310532300
xanthobacteraceae	0	0	0	0	0	0	0.0207368493813506601230386400	0
syntrophomonadaceae	0	0	0.0428770500589559438310644200	0	0	0	0	0
methylothermaceae	0	0	0	0	0	0	0.0184327550056450312204787900	0
verrucomicrobiaceae	0	0	0.0250116125343909672347875800	0	0	0.0279739841946989299951045500	0	0
peptoniphilaceae	0.0366780193869531045323552500	0	0.0142923500196519812770214700	0.0022369863320135113974453600	0.1339328422462450971013106300	0.0326363148938154183276219800	0.1774152669293334254971083600	0
dermabacteraceae	0	0.0288544772530537655092815200	0	0.0011184931660067556987226800	0	0.0233116534955824416625871300	0.103684246906753300615193200	0.0138537734215356907837772300
gemmatimonadaceae	0.0052397170552790149331936100	0	0.0035730875049129953192553700	0.0011184931660067556987226800	0.0717497369176313020185592700	0	0	0.0103903300661517680878329200
kofleriaceae	0	0	0	0	0	0	0	0.0103903300661517680878329200
marchantiaceae	0	0	0	0	0.0143499473835262604037118500	0	0	0
geodermatophilaceae	0	0.0096181590843512551697605100	0	0.0078294521620472898910587700	0	0.0256428188451406858288458400	0.009216377502822515610239400	0.3255636754060887334187649400
thermoactinomycetaceae	0	0.0769452726748100413580840600	0	0	0	0	0	0
erysipelotrichaceae	0.0104794341105580298663872200	0.0384726363374050206790420300	0	0.0011184931660067556987226800	0	0	0	0
desulfobacteraceae	0	0	0	0	0	0.0396298109424901508263981200	0	0
veillonellaceae	0	0	0	0.0022369863320135113974453600	0	0.0046623306991164883325174300	0.1290292850395152185433515400	0
bacillaceae	0.0209588682211160597327744300	0.0288544772530537655092815200	0.318004787937256583413727800	0.0704650694584256090195288900	0.136324500143499473835262600	0.0489544723407231274914329700	8.002119766825649178590355060	0.0692688671076784539188861600
clostridiaceae	0	0.0192363181687025103395210200	0.0035730875049129953192553700	0.0011184931660067556987226800	0	0.0046623306991164883325174300	0.7234856339715674754037925400	0.0034634433553839226959443100
muridae	0	0	0	0	0	0.0093246613982329766650348500	0	0
succinivibrionaceae	0	0	0	0	0	0.018649322796465953330069700	0	0
porphyromonadaceae	0.0576368876080691642651296800	0	0.0214385250294779719155322100	0.0123034248260743126859494900	0.0023916578972543767339519800	0.0489544723407231274914329700	1.8663164443215594110734775700	0
ignavibacteriaceae	0	0	0	0.0011184931660067556987226800	0.0023916578972543767339519800	0.0023311653495582441662587100	0.1290292850395152185433515400	0
deinococcaceae	0	0	0	0	0	0	0	0.0138537734215356907837772300
micrococcaceae	0.0995546240503012837306785400	0.0865634317591612965278445700	0.0250116125343909672347875800	0.0615171241303715634297474400	0.117191236965464459963646800	0.1934867240133342657994731600	0.193543927559272827815027300	3.1448065666886018079174315100
acidobacteria	0	0	0.0035730875049129953192553700	0.0022369863320135113974453600	0	0	0.5483744614179396788092440300	0
flavobacteriaceae	0	0.0673271135904587861883235500	0.6860328009432951012970307600	0.029080822316175648166789700	0.0215249210752893906055677800	0.0419609762920483949926568300	4.2395336512983571807101218900	0.0554150936861427631351089300
actinomycetaceae	0.0157191511658370447995808200	0.0769452726748100413580840600	0.0107192625147389859577661100	0.0078294521620472898910587700	0.0143499473835262604037118500	0.0069934960486747324987761400	0.9677196377963641390751365200	0.0034634433553839226959443100
mucoraceae	0.068116321718627194131516900	0	0	0.0011184931660067556987226800	0.1004496316846838228259829700	0	0	0
dietziaceae	0.0366780193869531045323552500	0	0.2465430378389966770286204300	0.0033554794980202670961680400	0.0502248158423419114129914900	0	0.0460818875141125780511969800	0.0207806601323035361756658500
halomonadaceae	0.0838354728844642389310977200	0.1057997499278638068673655900	0.2108121627898667238360667500	0.0033554794980202670961680400	0.1698077107050607481105902600	0.0792596218849803016527962300	0.1405497569180433630561507800	0
halothiobacillaceae	0	0	0.0035730875049129953192553700	0.0011184931660067556987226800	0	0	0.1658947950508052809843091200	0
malasseziaceae	0	0	0	0	0	0	0.0115204718785281445127992400	0
cyanobacteriaceae	0	0	0	0	0	0	0.0115204718785281445127992400	0
methylophilaceae	0.0052397170552790149331936100	0	0	0	0.0502248158423419114129914900	0	0	0
piscirickettsiaceae	0	0	0	0.0011184931660067556987226800	0	0	0.0529941706412294647588765200	0
pasteurellaceae	0.0523971705527901493319360800	0	0	0	0	0.0116558267477912208312935600	0	0
alcaligenaceae	0.0052397170552790149331936100	0	0	0	0	0	0	0.0069268867107678453918886200
chitinophagaceae	0	0	0	0.0044739726640270227948907200	0.1052329474791925762938869200	0.2307853696062661724596125600	1.2856846616437409276283956600	0.0069268867107678453918886200
acidimicrobiaceae	0	0	0	0	0	0	0.0552982650169350936614363700	0
enterobacteriaceae	72.08278752947340843594445900	48.379340194286813503895354430	0.7539214635366420123628827700	1.0469096033823233340044292300	87.57294556586625849038553525	5.3896542881786605123901438300	30.054607036704223404990668420	3.186367886953208880268763200
bdellovibrionaceae	0	0	0	0.0011184931660067556987226800	0	0.0093246613982329766650348500	0.0898596806525195271998341100	0
poaceae	0	0	0	0	0	0	0	0.0311709901984553042634987700
saprospiraceae	0.0052397170552790149331936100	0.0096181590843512551697605100	0.0035730875049129953192553700	0.0011184931660067556987226800	0.0023916578972543767339519800	0.0069934960486747324987761400	0.801824842745558858090827400	0
sphingobacteriaceae	0	0	0.0464501375638689391503197900	0.0033554794980202670961680400	0.0047833157945087534679039500	0.0862531179336550341515723700	1.2718600953895071542130365700	0
brucellaceae	0	0.0096181590843512551697605100	0.0893271876228248829813842100	0.0011184931660067556987226800	0	0.0489544723407231274914329700	0.5460703670422340499066841800	0
intrasporangiaceae	0	0.0096181590843512551697605100	0.0071461750098259906385107400	0	0	0.0209804881460241974963284100	0	0.0034634433553839226959443100
sphingomonadaceae	0.0052397170552790149331936100	0.0480907954217562758488025400	0.0214385250294779719155322100	0.0134219179920810683846721700	0.2487324213144551803310054500	2.1539967829918176096230505600	0.7303979170986843621114720900	0.04502476361999099504727600
beijerinckiaceae	0	0	0.0107192625147389859577661100	0	0	0	0	0
staphylococcaceae	0.5868483101912496725176840500	0.2308358180244301240742521900	0.0786079251080858970236181100	0.0223698633201351139744536200	0.6887974744092604993781689500	0.1911555586637760216332144400	1.0829243565816455842031289600	0.0277075468430713815675544600
alcanivoracaceae	0	0	0	0	0	0.0419609762920483949926568300	0	0
labilitrichaceae	0	0	0	0	0	0	0.1728070781779221676919886600	0
williamsiaceae	0	0	0	0	0	0.0326363148938154183276219800	0	0
thermomonosporaceae	0	0	0	0	0	0	0.0368655100112900624409575800	0
thermoanaerobacteraceae	0	0	0	0.0022369863320135113974453600	0	0	0.1105965300338701873228727400	0
coriobacteriaceae	0	0	0	0	0	0	0.0184327550056450312204787900	0
thermaceae	0	0	0	0	0	0	0.009216377502822515610239400	0
bacteroidaceae	0.0052397170552790149331936100	0	0.0071461750098259906385107400	0.0011184931660067556987226800	0	0.0023311653495582441662587100	0.1359415681666321052510310800	0
nosematidae	0.0052397170552790149331936100	0.0192363181687025103395210200	0	0	0	0	0	0
sarcinochrysidales	0	0	0	0	0	0.0326363148938154183276219800	0	0
saccharomycetales	0	0	0	0	0	0	0.0391696043869956913435174300	0
microthrixaceae	0	0.0577089545061075310185630500	0	0	0	0	0	0
corynebacteriaceae	0.1047943411055802986638721500	0.2019813407713763585649706600	0.3001393504126916068174509600	0.0357917813122161823591257900	0.1028412895819381995599349500	0.1515257477212858708068163300	3.4883988848183221584756111600	0.0692688671076784539188861600
promicromonosporaceae	0	0	0.0178654375245649765962768400	0	0.0023916578972543767339519800	0	0	0.0034634433553839226959443100
desulfuromonadaceae	0	0	0	0.0011184931660067556987226800	0	0.0023311653495582441662587100	0.1105965300338701873228727400	0
xanthomonadaceae	0.0314383023316740895991616500	0.0961815908435125516976050800	0.2000929002751277378783006400	0.0156589043240945797821175300	0.4615899741700947096527312700	0.7459729118586381332027880700	3.4676620354369714983525725200	0.0242441034876874588716101500
pleosporaceae	0	0.0577089545061075310185630500	0	0	0	0	0	0
burkholderiales	0.0419177364422321194655488600	0.0865634317591612965278445700	0.1893736377603887519205345300	0.0123034248260743126859494900	0.0884913421984119391562230900	2.5433013963680443853882555900	1.202737264118338287136241100	0.0242441034876874588716101500
hyphomicrobiaceae	0.0157191511658370447995808200	0	0.0035730875049129953192553700	0.0022369863320135113974453600	0	0.037298645592931906660139400	0.4585147807654201516094099200	0.0138537734215356907837772300
zygaenidae	0	0	0.0071461750098259906385107400	0	0.0023916578972543767339519800	0	0.0207368493813506601230386400	0
leptolyngbyaceae	0	0	0	0.0011184931660067556987226800	0	0	0.1428538512937489919587106300	0
planctomycetaceae	0	0	0	0.0011184931660067556987226800	0	0	0.1774152669293334254971083600	0
chroococcales	0	0	0	0	0	0	0.0529941706412294647588765200	0
bradyrhizobiaceae	0.0052397170552790149331936100	0.0096181590843512551697605100	0	0.0011184931660067556987226800	0.1147995790682100832296948200	0.0046623306991164883325174300	0.6912283127116886707679546600	0.0034634433553839226959443100
rhodobacteraceae	0	0.0096181590843512551697605100	0	0.0044739726640270227948907200	0.0023916578972543767339519800	0.7389794158099634007040119400	0	0
chloroflexaceae	0	0	0.0393039625540429485118090500	0.0011184931660067556987226800	0.0263082368697981440734717300	0.0233116534955824416625871300	0.1958480219349784567175871500	0
dehalococcoidaceae	0	0	0	0.0011184931660067556987226800	0	0	0.0368655100112900624409575800	0
verrucomicrobia subdivision 3	0	0	0	0	0	0	0	0.0554150936861427631351089300
rhodospirillales	0	0	0	0.0011184931660067556987226800	0.0023916578972543767339519800	0.0163181574469077091638109900	0.4838598188981820695375682600	0
synechococcaceae	0.0052397170552790149331936100	0	0	0	0.0071749736917631302018559300	0	0	0
acetobacteraceae	0.0052397170552790149331936100	0	0.0071461750098259906385107400	0.0033554794980202670961680400	0	0	0.004608188751411257805119700	0.2147334880338032071485470900
geobacteraceae	0	0	0.0107192625147389859577661100	0	0	0	0.1681988894265109098868689700	0
ectothiorhodospiraceae	0	0	0	0	0	0	0.0253450381327619179281583400	0
cardiobacteriaceae	0	0	0	0	0.0430498421505787812111355600	0	0	0
phyllobacteriaceae	0.0576368876080691642651296800	0	0	0	0.0286998947670525208074237100	0.0536168030398396158239503900	0.0921637750282251561023939500	0
bacillales family x. incertae sedis	0.0209588682211160597327744300	0.0192363181687025103395210200	0.7074713259727730732125629800	0.0436212334742634722501845500	0.0167416052807806371376638300	0.0559479683893978599902091100	7.320107831616783023432639800	0.0380978769092231496553873900
eubacteriaceae	0	0	0	0.0011184931660067556987226800	0.0286998947670525208074237100	0.0069934960486747324987761400	0.3248773069744936752609386900	0
acidobacteriaceae	0	0	0	0	0	0	0.0645146425197576092716757700	0.0138537734215356907837772300
vibrionaceae	0	0	0	0	0	0.0396298109424901508263981200	0	0
debaryomycetaceae	0	0	0	0	0	0	0.0138245662542337734153590900	0
amanitaceae	0	0	0.0071461750098259906385107400	0	0	0	0.0023040943757056289025598500	0
burenellidae	21.660990306523447733822373590	46.561508127344426276810618450	0.7181905884875120591703290800	0.1521150705769187750262845900	0.0526164737395962881469434600	0.0582791337389561041564678200	0.0460818875141125780511969800	0.0519516503307588404391646200
enterococcaceae	3.0809536285040607807178412400	1.3561604308935269789362316100	92.51795476471218780147925823	97.44759859517258349551484240	0.8777384482923562613603750100	0.4522460778142993682541902700	11.250892836570585931199741940	0.5922488137706507810064766400
lachnospiraceae	0.0366780193869531045323552500	0	0	0.0011184931660067556987226800	0	0.0069934960486747324987761400	0	0.0034634433553839226959443100
thermodesulfobiaceae	0	0	0.0107192625147389859577661100	0	0	0	0	0
prevotellaceae	0	0.0288544772530537655092815200	0	0	0.0023916578972543767339519800	0.0093246613982329766650348500	0.103684246906753300615193200	0
carnobacteriaceae	0.0261985852763950746659680400	0.0961815908435125516976050800	0.2429699503340836817093650600	0.0167773974901013354808402100	0.6170477374916291973596096800	0.2331165349558244166258712700	0.4354738370083638625838114300	0.0311709901984553042634987700
bifidobacteriaceae	0	0.0384726363374050206790420300	0.0821810126129988923428734800	0.0078294521620472898910587700	0.0573997895341050416148474100	0.0466233069911648833251742500	1.7395912536577498214326858800	0.0069268867107678453918886200
methylobacteriaceae	0.0733560387739062090647105100	0.0865634317591612965278445700	0.0214385250294779719155322100	0.0592801377983580520323020800	0.0406581842533244044771835800	0.1258829288761451849779704900	0.0691228312711688670767954700	7.1000588785370415266858310500
rhizopodaceae	0	0	0	0	0.019133263178035013871615800	0	0	0
anaerolineaceae	0	0	0.0107192625147389859577661100	0.0123034248260743126859494900	0.0047833157945087534679039500	0.0023311653495582441662587100	1.8225386511831524619248404400	0
strongyloididae	0.0052397170552790149331936100	0	0	0	0	0	0.009216377502822515610239400	0
ruminococcaceae	0	0.0480907954217562758488025400	0	0.0134219179920810683846721700	0.009566631589017506935807900	0.0046623306991164883325174300	1.9031819543328494735144351500	0.0138537734215356907837772300
microbacteriaceae	0.0104794341105580298663872200	0.0096181590843512551697605100	0.0357308750491299531925536900	0.0067109589960405341923360800	0.0119582894862718836697598800	0.0163181574469077091638109900	0.6105850095619916591783599500	0.1420011775707408305337166200
bacillales	0.0471574534975111343987424700	0	0.0071461750098259906385107400	0.0011184931660067556987226800	0	0.0023311653495582441662587100	0.1751111725536277965945485100	0
methanobacteriaceae	0	0	0.0035730875049129953192553700	0	0	0	0.4446902145111863781940508300	0
cryomorphaceae	0.0314383023316740895991616500	0	0.0357308750491299531925536900	0.0033554794980202670961680400	0	0	0.2050643994378009723278265500	0
pelobacteraceae	0	0	0	0	0	0	0.0069122831271168867076795500	0
chromulinaceae	0	0	0	0	0	0.0069934960486747324987761400	0	0
oscillatoriales	0.0314383023316740895991616500	0.1827450226026738482254496500	0.0178654375245649765962768400	0.0279623291501688924680670200	4.4915335310437195063618100100	0.3799799519779937991001701800	0.0299532268841731757332780400	0.7030790011429363072766944900
oxalobacteraceae	0.5396908566937385381189415800	0.5386169087236702895065884400	0.3215778754421695787329831700	0.3702212379482361362772073500	0.712714053381804266717688700	0.5478238571461873790707974900	0.3893919494942512845326144600	76.358535656149343677484154750
onagraceae	0.0052397170552790149331936100	0.0384726363374050206790420300	0	0.0022369863320135113974453600	0.6696642112312254855065531400	0	0.0345614156355844335383977300	0.0034634433553839226959443100
hominidae	0	0	0	0.0067109589960405341923360800	0	0	0.0023040943757056289025598500	0
thermoanaerobacterales family iii. incertae sedis	0	0	0.0035730875049129953192553700	0	0	0	0.1497661344208658786663901800	0
streptococcaceae	0.3301021744825779407911972800	0.3077810906992401654323362500	0.4109050630649944617143673800	0.0111849316600675569872268100	0.2582990529034726872668133600	0.275077511247872811618528100	0.8432985415082601783369046800	0.04502476361999099504727600
rubrobacteraceae	0	0	0	0	0	0	0.0437777931384069491486371300	0
competibacteraceae	0	0.0096181590843512551697605100	0	0	0.0023916578972543767339519800	0	0.3248773069744936752609386900	0
nocardiaceae	0.0209588682211160597327744300	0	0	0.0022369863320135113974453600	0.0023916578972543767339519800	0.0349674802433736624938806900	0.2004562106863897145227068500	0.0103903300661517680878329200
pentatomidae	0	0	0	0	0.0023916578972543767339519800	0	0.004608188751411257805119700	0
salinisphaeraceae	0	0.0096181590843512551697605100	0	0	0.0023916578972543767339519800	0.090915448632771522484089800	0	0.0207806601323035361756658500
alphaproteobacteria	0.0052397170552790149331936100	0	0	0	0	0	0.1751111725536277965945485100	0.0623419803969106085269975400
hydrogenophilaceae	0	0	0.0107192625147389859577661100	0.0044739726640270227948907200	0.0023916578972543767339519800	0.0069934960486747324987761400	0.905509089652312158706020600	0.0069268867107678453918886200
lactobacillaceae	0	0.0192363181687025103395210200	0.4823668131632543680994747600	0.0111849316600675569872268100	0.0669664211231225485506553100	0.0046623306991164883325174300	0.0391696043869956913435174300	0.1142936307276694489661621600
rhabdochlamydiaceae	0	0	0	0.0011184931660067556987226800	0.0023916578972543767339519800	0	0.7373102002258012488191516300	0
iamiaceae	0	0	0	0	0	0.0023311653495582441662587100	0.094467869403930785004953800	0.0034634433553839226959443100
coniothyriaceae	0	0	0	0	0	0	0.1105965300338701873228727400	0
cyanothecaceae	0	0	0.0035730875049129953192553700	0	0.0382665263560700277432316100	0	0	0
pinaceae	0	0	0	0	0	0	0	0.0415613202646070723513316900
legionellaceae	0	0	0	0	0	0.0116558267477912208312935600	0	0
conexibacteraceae	0	0	0	0	0.0334832105615612742753276600	0.0046623306991164883325174300	0.0023040943757056289025598500	0
pythiaceae	0.0419177364422321194655488600	0.0865634317591612965278445700	0	0.0022369863320135113974453600	0.0047833157945087534679039500	0	0.0460818875141125780511969800	0
rhodospirillaceae	0	0	0	0.0044739726640270227948907200	0	0.1422010863230528941417814800	0.0483859818898182069537568300	0.2736120250753298929796003200
spiroplasmataceae	0	0	0	0	0.0071749736917631302018559300	0	0	0.0034634433553839226959443100
erythrobacteraceae	0.0052397170552790149331936100	0	0.0035730875049129953192553700	0.0044739726640270227948907200	0.0143499473835262604037118500	0.0303051495442571741613632700	0.405520610124190686850533400	0
comamonadaceae	0.0785957558291852239979041100	0.0673271135904587861883235500	0.2465430378389966770286204300	0.023488356486141869673176300	0.0550081316368506648808954400	1.0187192577569527006550574600	0.7718716158613856823575493700	6.2272711529802930073078654800
pseudomonadaceae	0.3301021744825779407911972800	0.2693084543618351447532942200	0.2965662629077786114981955900	0.3467328814620942666040310500	0.5046398163206734908638668300	81.67704035247220085320651794	1.4630999285730743531255040200	0.4744917396875974093443701700
fusobacteriaceae	0	0.0384726363374050206790420300	0	0	0	0	0	0
