identity	1.Nezara.viridula.Infected.Fat.Body	2.Nezara.viridula.Infected.Ovary	3.Nezara.viridula.Infected.Spermatheca	4.Nezara.viridula.Infected.Egg	5.Nezara.viridula.Clean.Fat.Body	6.Nezara.viridula.Clean.Ovary	7.Nezara.viridula.Clean.Spermatheca	8.Nezara.viridula.Clean.Egg	
rhodocista	0	0	0	0	0	0.1328764249248199174767466300	0	0
planctomyces	0	0	0	0	0	0	0.0808444783221305984801238100	0
rhizopus stolonifer	0	0	0	0	0.019133263178035013871615800	0	0	0
candidatus alysiosphaera	0.0052397170552790149331936100	0	0	0	0	0	0	0.0623419803969106085269975400
atopostipes sp.	0.0157191511658370447995808200	0.0096181590843512551697605100	0.0714694110920526014865637500	0.003355554561317167017135700	0.1100162632737013297617908700	0.1305452595752616733104879100	0.0877740050354560783498487100	0
microbacterium sediminicola	0	0	0	0	0	0.0023311653495582441662587100	0.0161688956644261196960247600	0
fusobacteriaceae	0	0.0384726363374050206790420300	0	0	0	0	0	0
alloscardovia omnicolens	0	0	0	0	0	0.0209804881460241974963284100	0	0
rothia aeria	0.0419177364422321194655488600	0	0	0	0.09805797378742944609203100	0.0093246613982329766650348500	0	0.0034634433553839226959443100
haliscomenobacter	0	0	0.0035734705546026300743281900	0	0	0	0.1663086411198115168733975500	0
oenothera berteroana	0.0052397170552790149331936100	0.0384726363374050206790420300	0	0.0022370363742114446780904700	0.6696642112312254855065531400	0	0.0346476335666273993486244900	0.0034634433553839226959443100
knoellia sinensis	0	0.0096181590843512551697605100	0.0071469411092052601486563800	0	0	0.0209804881460241974963284100	0	0.0034634433553839226959443100
alcanivorax dieselolei	0	0	0	0	0	0.0419609762920483949926568300	0	0
pseudomonas stutzeri	0.2986638721509038511920356300	0.2212176589400788689044916800	0.2394225271583762149799885600	0.316540646950919421949800900	0.2295991581364201664593896500	80.76089237009581089586684384	0.2702515418196937149192710100	0.4052228725799189554254840200
pseudomonas thermotolerans	0	0	0.0464551172098341909662664400	0.0022370363742114446780904700	0.0047833157945087534679039500	0	0.2425334349663917954403714200	0
crocinitomix	0	0	0	0	0	0	0.0369574758044025593051994500	0
alternaria sp.	0	0.0577089545061075310185630500	0	0	0	0	0	0
porphyromonadaceae	0.0366780193869531045323552500	0	0	0	0	0.0139869920973494649975522800	0	0
agrobacterium sp.	0	0	0	0	0	0.1981490547124507541319905800	0	0
gemmatimonas	0.0052397170552790149331936100	0	0.0035734705546026300743281900	0.0011185181871057223390452300	0.0717497369176313020185592700	0	0	0
dietzia maris	0.0052397170552790149331936100	0	0	0.0022370363742114446780904700	0	0	0.0415771602799528792183493900	0.0138537734215356907837772300
ruminococcus	0	0.0096181590843512551697605100	0	0.0111851818710572233904523300	0.009566631589017506935807900	0.0046623306991164883325174300	1.7185226249047190076917746500	0.0069268867107678453918886200
roseomonas sp.	0.0052397170552790149331936100	0	0.0071469411092052601486563800	0.0022370363742114446780904700	0	0	0.0023098422377751599565749700	0.1974162712568835936688255500
roseovarius sp.	0	0	0	0	0	0.0396298109424901508263981200	0	0
myxococcales	0	0	0	0	0	0	0.1732381678331369967431224400	0
actinomyces cardiffensis	0.0052397170552790149331936100	0.0480907954217562758488025400	0	0.0011185181871057223390452300	0	0	0.108562585175432517959023400	0
dokdonella	0	0	0	0	0	0	0.0161688956644261196960247600	0.0034634433553839226959443100
altererythrobacter	0.0052397170552790149331936100	0	0	0	0	0	0.2078858013997643960917469300	0
pseudomonas	0.0104794341105580298663872200	0	0.0107204116638078902229845600	0.0190148091807972797637689600	0	0.6014406601860269948947478800	0.2356039082530663155706465200	0.0069268867107678453918886200
olsenella sp.	0	0	0	0	0	0	0.0184787379022012796525997300	0
conexibacteraceae	0	0	0	0	0.0334832105615612742753276600	0	0	0
bdellovibrionaceae	0	0	0	0.0011185181871057223390452300	0	0	0.0900838472732312383064236700	0
marchantiaceae	0	0	0	0	0.0143499473835262604037118500	0	0	0
hyphomicrobium facile	0.0157191511658370447995808200	0	0	0	0	0.0303051495442571741613632700	0	0
acetobacteraceae	0	0	0	0.0011185181871057223390452300	0	0	0	0.0103903300661517680878329200
clostridium	0	0.0192363181687025103395210200	0	0.0011185181871057223390452300	0	0	0	0
klebsiella	0.0157191511658370447995808200	0.0384726363374050206790420300	0	0.0055925909355286116952261600	0.0860996843011575624222711200	0.0046623306991164883325174300	0.0531263714688286790012242200	0
syntrophomonas spp.	0	0	0.0428816466552315608919382500	0	0	0	0	0
pseudomonas oryzihabitans	0	0	0	0.0022370363742114446780904700	0	0	0.1247314808398586376550481600	0
xylella	0	0	0	0	0	0.0116558267477912208312935600	0	0
massilia timonae	0.419177364422321194655488600	0.4712897951332115033182648800	0.2680102915951972555746140700	0.3131850923896022549326652100	0.5309480531904716349373385600	0.4662330699116488332517425500	0.2656318573441433950061210800	65.864302289336057908772902020
bacteroides dorei	0.0052397170552790149331936100	0	0.0035734705546026300743281900	0.0011185181871057223390452300	0	0.0023311653495582441662587100	0.0023098422377751599565749700	0
halomonas xinjiangensis	0.0157191511658370447995808200	0.0384726363374050206790420300	0.2108347627215551743853630600	0.003355554561317167017135700	0.1698077107050607481105902600	0.0792596218849803016527962300	0.1409003765042847573510729200	0
saprospiraceae	0	0.0096181590843512551697605100	0	0.0011185181871057223390452300	0	0.0023311653495582441662587100	0.1986464324486637562654470700	0
clostridiales	0	0	0	0.0011185181871057223390452300	0	0.0093246613982329766650348500	0.5982491395837664287529161800	0.0034634433553839226959443100
saccharomycetales	0	0	0	0	0	0	0.0392673180421777192617744200	0
leucobacter luti	0	0	0	0	0	0	0.006929526713325479869724900	0
haemophilus parainfluenzae	0.0052397170552790149331936100	0	0	0	0	0.0116558267477912208312935600	0	0
prevotella spp.	0	0.0288544772530537655092815200	0	0	0	0	0	0
xanthomonas sp.	0	0	0.028587764436821040594625500	0	0	0	0	0
kofleriaceae	0	0	0	0	0	0	0	0.0103903300661517680878329200
burkholderia spp.	0	0	0	0	0	0	0.1293511653154089575681980900	0
nosema furnacalis	0.0052397170552790149331936100	0.0192363181687025103395210200	0	0	0	0	0	0
streptococcus sanguinis	0.2462667015981137018600995500	0.0096181590843512551697605100	0.1286449399656946826758147500	0.0022370363742114446780904700	0.1626327370132976179087343300	0.1608504091195188474718511800	0.0739149516088051186103989100	0
pelobacter spp.	0	0	0	0	0	0	0.006929526713325479869724900	0
sphingomonas sp.	0.0052397170552790149331936100	0	0.0214408233276157804459691300	0.0078296273097400563733166300	0.0071749736917631302018559300	1.7623610042660325896915868200	0.0438870025177280391749243500	0.0173172167769196134797215400
uncultured candidatus competibacter sp.	0	0	0	0	0	0	0.1201117963643083177418982300	0
enterococcus villorum	0.0419177364422321194655488600	0.0288544772530537655092815200	1.9439679817038307604345340200	6.4627980850968636750033555500	0.0310915526643068975413756800	0.0256428188451406858288458400	0.0577460559443789989143741500	0.04502476361999099504727600
geodermatophilus spp.	0	0	0	0	0	0.0163181574469077091638109900	0.0023098422377751599565749700	0
sphingomonas faeni	0	0	0	0	0	0	0	0.0138537734215356907837772300
planctomycetaceae	0	0	0	0.0011185181871057223390452300	0	0	0.0970133739865567181761485700	0
blautia producta	0	0	0	0.0011185181871057223390452300	0	0.0069934960486747324987761400	0	0
sporocytophaga spp.	0	0	0	0.0011185181871057223390452300	0.0286998947670525208074237100	0	0	0
veillonella sp.	0	0	0	0.0022370363742114446780904700	0	0.0046623306991164883325174300	0.1293511653154089575681980900	0
acidovorax avenae	0.0052397170552790149331936100	0.0096181590843512551697605100	0.0178673527730131503716409400	0.0022370363742114446780904700	0.0071749736917631302018559300	0.3286943142877124274424784900	0.528953872450511630055667200	0.0069268867107678453918886200
levilinea spp.	0	0	0	0	0	0	0.101633058462107038089298500	0
tepidimonas spp.	0.0261985852763950746659680400	0.0480907954217562758488025400	0.1322184105202973127501429400	0.0022370363742114446780904700	0.0167416052807806371376638300	0.0209804881460241974963284100	0.9216270528722888226734114100	0
lactobacillus pentosus	0	0	0.4431103487707261292166952500	0.0011185181871057223390452300	0.0023916578972543767339519800	0	0.0392673180421777192617744200	0.0034634433553839226959443100
alkalibacterium thalassios	0	0	0	0.0022370363742114446780904700	0	0	0.2263645393019656757443466600	0
deinococcus spp.	0	0	0	0	0	0	0	0.0138537734215356907837772300
pseudomonas tuomuerense	0	0	0	0	0.0023916578972543767339519800	0.0233116534955824416625871300	0	0
massilia	0	0	0	0	0	0	0	0.0415613202646070723513316900
corynebacterium diphtheriae	0.0157191511658370447995808200	0.1154179090122150620371260900	0.2429959977129788450543167500	0.0313185092389602254932665200	0.0119582894862718836697598800	0.0069934960486747324987761400	2.5593051994548772318850622500	0.0623419803969106085269975400
solobacterium moorei	0	0.0192363181687025103395210200	0	0.0011185181871057223390452300	0	0	0	0
salmonella enterica	38.522399790411317788839402670	29.662402616139270943541406170	0.11435105774728416237850200	0.1375777370140038477025636400	1.1647373959628814694346120700	0.3566682984824113574375830500	0.1570692721687108770470976800	0.1593183943476604440134381600
tepidiphilus petrobacter sp.	0	0	0.0107204116638078902229845600	0.0044740727484228893561809300	0.0023916578972543767339519800	0.0069934960486747324987761400	0.9077679994456378629339616100	0.0069268867107678453918886200
lysobacter sp.	0.0052397170552790149331936100	0	0.0035734705546026300743281900	0.003355554561317167017135700	0.0071749736917631302018559300	0.6853626127701237848800615400	0	0
pediococcus pentosaceus	0	0	0	0.0011185181871057223390452300	0	0	0	0.0138537734215356907837772300
enterococcus sp.	0.0471574534975111343987424700	0.0288544772530537655092815200	0.3680674671240708976558033200	0.4720146749586148270770882700	0.0430498421505787812111355600	0.0233116534955824416625871300	0.0346476335666273993486244900	0.0242441034876874588716101500
anaerolineales	0	0	0	0.0011185181871057223390452300	0	0	0.0531263714688286790012242200	0
peptoniphilus asaccharolyticus	0.0314383023316740895991616500	0	0	0	0.1315411843489907203673586500	0.0093246613982329766650348500	0	0
ohtaekwangia spp.	0	0	0.17152658662092624356775300	0	0	0	0	0
helcobacillus massiliensis	0	0.0288544772530537655092815200	0	0	0	0	0	0
chloroflexus spp.	0	0	0.0357347055460263007432818800	0.0011185181871057223390452300	0.0263082368697981440734717300	0.0209804881460241974963284100	0	0
cyanobacterium spp.	0	0	0	0	0	0	0.0115492111888757997828748300	0
brachybacterium arcticum	0	0	0	0.0011185181871057223390452300	0	0.0233116534955824416625871300	0.1039429006998821980458734700	0.0138537734215356907837772300
sphingomonas wittichii	0	0	0	0	0	0.0069934960486747324987761400	0	0
sphingobium sp.	0	0	0	0.0011185181871057223390452300	0	0.1958178893628925099657318700	0.0023098422377751599565749700	0.0034634433553839226959443100
acinetobacter towneri	0.0419177364422321194655488600	0.0673271135904587861883235500	0.0071469411092052601486563800	0.0044740727484228893561809300	0.4568066583755859561848273200	0.0489544723407231274914329700	0.2471531194419421153535213500	0.0069268867107678453918886200
thermomonas fusca	0	0.0673271135904587861883235500	0	0	0	0	0	0
acidobacterium spp.	0	0	0	0	0	0	0	0.0138537734215356907837772300
burkholderia	0	0.0384726363374050206790420300	0	0	0	0	0	0
frigoribacterium sp.	0.0052397170552790149331936100	0	0	0.0022370363742114446780904700	0.0047833157945087534679039500	0.0139869920973494649975522800	0.0115492111888757997828748300	0.0831226405292141447026633900
alkanindiges illinoisensis	0	0	0	0.006711109122634334034271400	0	1.0327062498543021656526097400	0.0300279490910770794354745600	0.0034634433553839226959443100
mycoplana sp.	0	0	0.0071469411092052601486563800	0	0	0.0466233069911648833251742500	0.2078858013997643960917469300	0
anaerobiospirillum	0	0	0	0	0	0.018649322796465953330069700	0	0
lentzea spp.	0	0	0	0.0011185181871057223390452300	0.0358748684588156510092796300	0	0	0
actinomadura sp.	0	0	0	0	0	0	0.0369574758044025593051994500	0
acidovorax delafieldii	0.0366780193869531045323552500	0	0.1751000571755288736420811900	0.0044740727484228893561809300	0.0047833157945087534679039500	0.4778888966594400540830361100	0.0115492111888757997828748300	0.0034634433553839226959443100
enterobacteriaceae	0.1152737752161383285302593700	0.1923631816870251033952101600	0	0.0022370363742114446780904700	0.2056825791638763991198698900	0.0139869920973494649975522800	0.0623657404199293188275240800	0.0034634433553839226959443100
methylophilus spp.	0.0052397170552790149331936100	0	0	0	0.0502248158423419114129914900	0	0	0
rhodopseudomonas spp.	0	0	0	0	0.0263082368697981440734717300	0	0	0
rhodoplanes	0	0	0	0	0	0	0.0392673180421777192617744200	0
sphingomonas	0	0.0096181590843512551697605100	0	0	0.0382665263560700277432316100	0.0512856376902813716576916800	0	0.0034634433553839226959443100
clostridiaceae	0	0	0.0035734705546026300743281900	0	0	0	0.2956598064352204744415956400	0
stenotrophomonas maltophilia	0.0104794341105580298663872200	0.0192363181687025103395210200	0.0107204116638078902229845600	0.0044740727484228893561809300	0.4376733951975509423132115200	0.018649322796465953330069700	0.6744739334303467073198900500	0.0103903300661517680878329200
siphonobacter sp.	0.0261985852763950746659680400	0	0	0	0	0	0	0
acidobacteria	0	0	0	0	0	0	0.0646755826577044787840990500	0
thiorhodospira	0	0	0	0	0	0	0.0254082646155267595223246300	0
corynebacterium glucuronolyticum	0	0	0	0	0	0.0093246613982329766650348500	0	0
uncultured candidatus microthrix sp.	0	0.0577089545061075310185630500	0	0	0	0	0	0
thermomonas spp.	0	0	0	0.0011185181871057223390452300	0	0.0023311653495582441662587100	0.2887302797218949945718707400	0
rufibacter sp.	0	0	0.1465122927387078330474556900	0	0	0	0	0
pythiaceae	0.0419177364422321194655488600	0.0865634317591612965278445700	0	0.0022370363742114446780904700	0.0047833157945087534679039500	0	0.0461968447555031991314993200	0
rhizobium sp.	0	0	0.0071469411092052601486563800	0.0011185181871057223390452300	0.0023916578972543767339519800	0.0559479683893978599902091100	0.3534058623795994733559697900	0.0034634433553839226959443100
blautia ruminococcus gnavus	0.0157191511658370447995808200	0	0	0	0	0	0	0
desulfobacteraceae	0	0	0	0	0	0.0396298109424901508263981200	0	0
daeguia caeni	0	0.0096181590843512551697605100	0.0821898227558604917095483100	0.0011185181871057223390452300	0	0.0023311653495582441662587100	0.3395468089529485136165199900	0
prevotella sp.	0	0	0	0	0.0023916578972543767339519800	0	0.1039429006998821980458734700	0
ruminococcaceae	0	0	0	0.0011185181871057223390452300	0	0	0.013859053426650959739449800	0
porphyromonas spp.	0	0	0	0	0.0023916578972543767339519800	0.0279739841946989299951045500	0	0
pedosphaera spp.	0	0	0	0	0	0	0	0.0554150936861427631351089300
sediminibacterium salmoneum	0	0	0	0.003355554561317167017135700	0	0.2167983775089167074620602800	0.6421361421014944679278405300	0.0069268867107678453918886200
rhizobium mongolense	0	0	0	0	0.0023916578972543767339519800	0.0209804881460241974963284100	0	0
chelatococcus sp.	0	0	0.0107204116638078902229845600	0	0	0	0	0
streptococcus salivarius	0.0523971705527901493319360800	0.2693084543618351447532942200	0.2823041738136077758719268200	0.0055925909355286116952261600	0.0956663158901750693580790200	0.0885842832832132783178310800	0.718360935948074746494814400	0.04502476361999099504727600
staphylococcus epidermidis	0.5868483101912496725176840500	0.1923631816870251033952101600	0.0786163522012578616352201300	0.0223703637421144467809046600	0.6887974744092604993781689500	0.1911555586637760216332144400	1.0856258517543251795902339900	0.0277075468430713815675544600
poales	0	0	0	0	0	0	0	0.0311709901984553042634987700
exiguobacterium panipatensis	0.0052397170552790149331936100	0	0.0035734705546026300743281900	0.0011185181871057223390452300	0	0.0023311653495582441662587100	0.1755480100709121566996974100	0
anaerococcus sp.	0	0	0.0107204116638078902229845600	0	0	0	0	0
methylobacterium	0	0	0	0.0011185181871057223390452300	0.0023916578972543767339519800	0	0.0046196844755503199131499300	0.0935129705953659127904963100
enhydrobacter aerosaccus	0.0104794341105580298663872200	0.1731268635183225930556891400	0	0	0	0	0.0023098422377751599565749700	0.0173172167769196134797215400
methanobacterium subterraneum	0	0	0	0	0	0	0.1316610075531841175247730600	0
pelistega europaea	0.0052397170552790149331936100	0	0	0	0	0	0	0.0069268867107678453918886200
lactobacillus agilis	0	0	0.0035734705546026300743281900	0.0022370363742114446780904700	0	0.0046623306991164883325174300	0	0.0519516503307588404391646200
chloroflexales	0	0	0.0035734705546026300743281900	0	0	0.0023311653495582441662587100	0.196336590210888596308872100	0
dokdonella sp.	0	0	0	0	0	0.0139869920973494649975522800	0	0
hymenobacter xinjiangensis	0	0	0	0	0	0	0	0.0207806601323035361756658500
xanthobacteraceae	0	0	0	0	0	0	0.0207885801399764396091746900	0
flavisolibacter ginsengisoli	0	0	0	0	0.0119582894862718836697598800	0	0	0
erythrobacter sp.	0	0	0.0035734705546026300743281900	0.0044740727484228893561809300	0	0.0046623306991164883325174300	0.1986464324486637562654470700	0
enterococcus faecium	0.0157191511658370447995808200	0.0096181590843512551697605100	0.1500857632933104631217838800	0.153236991633483960449196900	0	0	0	0
nocardioides spp.	0	0	0	0	0	0.0139869920973494649975522800	0	0
bradyrhizobium sp.	0	0.0096181590843512551697605100	0	0	0.0023916578972543767339519800	0	0.2194350125886401958746217600	0
rubellimicrobium	0	0.0096181590843512551697605100	0	0	0	0.0326363148938154183276219800	0	0
sphingomonas spp.	0	0	0	0	0	0.0582791337389561041564678200	0	0
actinomyces	0	0.0288544772530537655092815200	0.0071469411092052601486563800	0.006711109122634334034271400	0.0047833157945087534679039500	0.0023311653495582441662587100	0.7483888850391518259302889600	0.0034634433553839226959443100
aquabacterium spp.	0.0157191511658370447995808200	0.0384726363374050206790420300	0.05717552887364208118925100	0.010066663683951501051407100	0.0717497369176313020185592700	2.5153274121733454553931510400	0.2841105952463446746587208100	0.0242441034876874588716101500
aridibacter	0	0	0.0035734705546026300743281900	0.0022370363742114446780904700	0	0	0.5497424525904880696648418900	0
bdellovibrio	0	0	0	0	0	0.0093246613982329766650348500	0	0
bellilinea spp.	0	0	0.0035734705546026300743281900	0.0011185181871057223390452300	0.0047833157945087534679039500	0.0023311653495582441662587100	0.4019125493728778324440440700	0
novosphingobium subarcticum	0	0	0	0.0011185181871057223390452300	0.0023916578972543767339519800	0.0582791337389561041564678200	0.3695747580440255930519945500	0
levilinea saccharolytica	0	0	0	0	0	0	0.0993232162243318781327235300	0
dolosigranulum pigrum	0	0.0096181590843512551697605100	0	0	0	0	0	0.0242441034876874588716101500
reyranella spp.	0	0	0	0.0011185181871057223390452300	0.0023916578972543767339519800	0.0163181574469077091638109900	0.4850668699327835908807428500	0
haemophilus influenzae	0.0471574534975111343987424700	0	0	0	0	0	0	0
jeotgalicoccus halotolerans	0	0.0384726363374050206790420300	0	0	0	0	0	0
methylobacterium sp.	0	0	0	0	0	0.0116558267477912208312935600	0	0
moorella spp.	0	0	0	0.0022370363742114446780904700	0	0	0.1108724274132076779155983600	0
actinomyces johnsonii	0.0104794341105580298663872200	0	0.0035734705546026300743281900	0	0.009566631589017506935807900	0.0046623306991164883325174300	0.0716051093710299586538239400	0
lactobacillus gallinarum	0	0.0192363181687025103395210200	0.0357347055460263007432818800	0.006711109122634334034271400	0.0645747632258681718167033400	0	0	0.04502476361999099504727600
nocardioides caeni	0.0104794341105580298663872200	0	0	0	0.0023916578972543767339519800	0	0	0
thermoactinomycetaceae	0	0.0769452726748100413580840600	0	0	0	0	0	0
burkholderiaceae	0.0052397170552790149331936100	0.0096181590843512551697605100	0	0	0.0358748684588156510092796300	0	0.0115492111888757997828748300	0.0103903300661517680878329200
rodentia	0	0	0	0	0	0.0093246613982329766650348500	0	0
pseudomonas putida	0.0209588682211160597327744300	0.0480907954217562758488025400	0	0.006711109122634334034271400	0.2678656844924901942026212600	0.1422010863230528941417814800	0.5936294551082161088397662400	0.0623419803969106085269975400
salinisphaera spp.	0	0.0096181590843512551697605100	0	0	0.0023916578972543767339519800	0.090915448632771522484089800	0	0.0207806601323035361756658500
bifidobacterium thermophilum	0	0.0384726363374050206790420300	0.0821898227558604917095483100	0.0078296273097400563733166300	0.0573997895341050416148474100	0.0256428188451406858288458400	1.7439308895202457672140992800	0.0069268867107678453918886200
sphingopyxis sp.	0	0	0	0.0011185181871057223390452300	0	0	0.1432102187420599173076478900	0
corynebacterium kroppenstedtii	0	0.0288544772530537655092815200	0.0035734705546026300743281900	0	0.0430498421505787812111355600	0	0	0
terrimonas spp.	0	0	0	0	0.0023916578972543767339519800	0	0.1824775367842376365694223100	0
cryomorphaceae	0.0314383023316740895991616500	0	0	0.003355554561317167017135700	0	0	0.1686184833575866768299725100	0
xanthomonas	0	0	0.05717552887364208118925100	0	0	0	0	0
flavisolibacter spp.	0	0	0	0.0011185181871057223390452300	0.0908830000956663158901750700	0	0.4642782897928071512715681500	0
eubacterium spp.	0	0	0	0	0.0286998947670525208074237100	0	0	0
photobacterium phosphoreum	0	0	0	0	0	0.0396298109424901508263981200	0	0
pinus taeda	0	0	0	0	0	0	0	0.0415613202646070723513316900
alkalibacterium iburiense	0	0	0	0	0	0.0326363148938154183276219800	0	0
blastococcus aggregatus	0	0	0	0	0	0.0069934960486747324987761400	0	0.0103903300661517680878329200
desulfuromonadales	0	0	0	0.0011185181871057223390452300	0	0.0023311653495582441662587100	0.1432102187420599173076478900	0
cytophaga spp.	0	0	0.0035734705546026300743281900	0	0.0023916578972543767339519800	0	0.2448432772041669553969463900	0
enterococcaceae	0.0157191511658370447995808200	0	0.3680674671240708976558033200	0.4630665294617690483647264100	0	0.0023311653495582441662587100	0.0023098422377751599565749700	0
williamsia muralis	0	0	0	0	0	0.0326363148938154183276219800	0	0
gammaproteobacteria	0	0	0	0.0011185181871057223390452300	0	0	0.0716051093710299586538239400	0
chromadorea	0.0052397170552790149331936100	0	0	0	0	0	0.0092393689511006398262998600	0
pseudomonadaceae	0	0	0	0	0	0.1491945823717276266405576100	0	0
pantoea	0.4768142520303903589206182900	0.2212176589400788689044916800	0.0035734705546026300743281900	0.0123037000581629457294975600	1.3130201855926528269396345500	0.0629414644380725924889852400	0.3718846002818007530085695100	0.0415613202646070723513316900
cryocola spp.	0.0052397170552790149331936100	0.0096181590843512551697605100	0.0357347055460263007432818800	0.0044740727484228893561809300	0.0071749736917631302018559300	0	0.5774605594437899891437414800	0.0588785370415266858310532300
isoptericola spp.	0	0	0.0178673527730131503716409400	0	0.0023916578972543767339519800	0	0	0.0034634433553839226959443100
debaryomycetaceae	0	0	0	0	0	0	0.013859053426650959739449800	0
prosthecobacter debontii	0	0	0	0	0	0.0093246613982329766650348500	0	0
skermanella sp.	0	0	0	0.0044740727484228893561809300	0	0.0093246613982329766650348500	0.0046196844755503199131499300	0.2736120250753298929796003200
variovorax paradoxus	0.0366780193869531045323552500	0.0480907954217562758488025400	0.0357347055460263007432818800	0.0167777728065858350856784900	0.0406581842533244044771835800	0.2098048814602419749632841500	0.0785346360843554385235488400	6.2134173795587573165240882500
vairimorpha cheracis	0.6287660466334817919832329100	1.4331057035683370202943156700	0.0071469411092052601486563800	0.0044740727484228893561809300	0	0.0023311653495582441662587100	0	0.0069268867107678453918886200
pseudoxanthomonas taiwanensis	0.0104794341105580298663872200	0.0096181590843512551697605100	0.05717552887364208118925100	0.0022370363742114446780904700	0.0119582894862718836697598800	0.0069934960486747324987761400	1.159540803363130298200632900	0.0069268867107678453918886200
dokdonella spp.	0.0052397170552790149331936100	0	0.0035734705546026300743281900	0.003355554561317167017135700	0.0047833157945087534679039500	0.0046623306991164883325174300	1.0232601113343958607627099100	0.0034634433553839226959443100
hyphomicrobium spp.	0	0	0.0035734705546026300743281900	0.0022370363742114446780904700	0	0	0.2494629616797172753100963200	0.0034634433553839226959443100
paracoccus denitrificans	0	0	0	0.003355554561317167017135700	0.0023916578972543767339519800	0.6154276522833764598923001600	0	0
enterococcus faecalis	2.7194131516898087503274823200	1.106088294700394344522458400	82.35062893081761006289308176	81.07243523779696657867656928	0.6218310532861379508275136300	0.3520059677832948691050656200	0.7599380962280276257131637900	0.4467841928445260277768157100
mucor	0.068116321718627194131516900	0	0	0.0011185181871057223390452300	0.1004496316846838228259829700	0	0	0
candidatus soleaferrea	0	0	0	0.0011185181871057223390452300	0	0	0.1755480100709121566996974100	0
verrucomicrobium	0	0	0.0250142938822184105202973100	0	0	0	0	0
mesorhizobium septentrionale	0	0	0	0	0	0.0116558267477912208312935600	0	0
burkholderia ubonensis	0.0104794341105580298663872200	0.0384726363374050206790420300	0	0	0	0	0	0.0034634433553839226959443100
adhaeribacter sp.	0	0	0	0.0011185181871057223390452300	0	0.0536168030398396158239503900	0	0
devosia submarina	0	0	0	0	0	0.0069934960486747324987761400	0.0023098422377751599565749700	0.0103903300661517680878329200
aminobacter niigataensis	0.0576368876080691642651296800	0	0	0	0	0.0419609762920483949926568300	0.0923936895110063982629986400	0
xanthomonadaceae	0	0	0	0.0011185181871057223390452300	0	0	0.3141385443374217540941953700	0
fluviicola spp.	0	0	0.0357347055460263007432818800	0	0	0	0	0
kaistobacter spp.	0	0.0288544772530537655092815200	0	0.0011185181871057223390452300	0.1219745527599732134315507500	0	0	0
modestobacter sp.	0	0.0096181590843512551697605100	0	0.0078296273097400563733166300	0	0.0023311653495582441662587100	0.006929526713325479869724900	0.3151733453399369653309320100
altererythrobacter spp.	0	0	0	0	0.0143499473835262604037118500	0.0256428188451406858288458400	0	0
enterococcus	0.0052397170552790149331936100	0	0.7790165809033733562035448800	0.823229385709811641537291400	0.0023916578972543767339519800	0.0046623306991164883325174300	0.2263645393019656757443466600	0.0138537734215356907837772300
luteimonas sp.	0	0	0.0393081761006289308176100600	0	0	0.0023311653495582441662587100	0	0
cytophagaceae	0	0	0	0	0	0.0093246613982329766650348500	0	0
corynebacterium lipophiloflavum	0	0	0	0.0011185181871057223390452300	0.0406581842533244044771835800	0	0	0
hyphomicrobiaceae	0	0	0	0	0	0	0.1686184833575866768299725100	0
halospirulina sp.	0.0314383023316740895991616500	0.1827450226026738482254496500	0.0178673527730131503716409400	0.0279629546776430584761308200	4.4915335310437195063618100100	0.3799799519779937991001701800	0.0300279490910770794354745600	0.7030790011429363072766944900
ignavibacteriaceae	0	0	0	0.0011185181871057223390452300	0.0023916578972543767339519800	0.0023311653495582441662587100	0.1293511653154089575681980900	0
dietzia spp.	0.0314383023316740895991616500	0	0.2465694682675814751286449400	0.0011185181871057223390452300	0.0502248158423419114129914900	0	0.0046196844755503199131499300	0.0069268867107678453918886200
clostridium sp.	0	0	0	0	0	0	0.0508165292310535190446492500	0
thermicanus aegyptius	0.0209588682211160597327744300	0.0192363181687025103395210200	0.7004002287021154945683247600	0.0425036911100174488837188500	0.0167416052807806371376638300	0.0536168030398396158239503900	7.1582010948652207054258194200	0.0380978769092231496553873900
rubrobacter spp.	0	0	0	0	0	0	0.0438870025177280391749243500	0
vairimorpha	21.032224259889965941839140690	45.128402423776089256516302780	0.7111206403659233847913093200	0.1476444006979553487539707400	0.0526164737395962881469434600	0.0559479683893978599902091100	0.0461968447555031991314993200	0.04502476361999099504727600
legionellaceae	0	0	0	0	0	0.0116558267477912208312935600	0	0
cloacibacterium spp.	0	0.0577089545061075310185630500	0.485991995425957690108633500	0.0178962909936915574247237300	0.0023916578972543767339519800	0.0046623306991164883325174300	1.1110341163698519391125586100	0.0554150936861427631351089300
rhodopseudomonas palustris	0	0	0	0	0	0	0.2055759591619892361351719700	0
elizabethkingia meningoseptica	0	0	0	0	0	0	0.0115492111888757997828748300	0
anaerolineaceae	0	0	0.0071469411092052601486563800	0.010066663683951501051407100	0	0	1.145681749936479338461183100	0
bacillaceae	0	0	0	0	0	0.0256428188451406858288458400	0	0
zygaenidae	0	0	0.0071469411092052601486563800	0	0.0023916578972543767339519800	0	0.0207885801399764396091746900	0
comamonas jiangduensis	0	0.0096181590843512551697605100	0.0178673527730131503716409400	0	0.0023916578972543767339519800	0.0023311653495582441662587100	0.1547594299309357170905227200	0.0034634433553839226959443100
mesorhizobium spp.	0	0	0	0	0.0286998947670525208074237100	0	0	0
thermoanaerobacterium saccharolyticum	0	0	0.0035734705546026300743281900	0	0	0	0.1501397454553853971773727900	0
pantoea spp.	32.800628766046633481791983230	17.803212465134173319226700010	0.6074899942824471126357918800	0.8836293678135206478457339700	84.05242514110781593800822730	4.7952071240413082499941720900	29.455108216108839766243965540	2.964707512208637827728327500
sphingobacterium sp.	0	0	0.0428816466552315608919382500	0.0022370363742114446780904700	0.0023916578972543767339519800	0.0046623306991164883325174300	0.840782574550158224193287600	0
aquabacterium	0	0	0	0	0	0.0069934960486747324987761400	0	0
synechococcus	0.0052397170552790149331936100	0	0	0	0.0071749736917631302018559300	0	0	0
halotalea alkalilenta	0.068116321718627194131516900	0.0673271135904587861883235500	0	0	0	0	0	0
methylobacterium thiocyanatum	0	0.0096181590843512551697605100	0	0	0.0023916578972543767339519800	0.0419609762920483949926568300	0	0
oxalobacteraceae	0	0.0096181590843512551697605100	0	0.0011185181871057223390452300	0	0	0	0.2770754684307138156755446300
cupriavidus respiraculi	0	0	0	0.0011185181871057223390452300	0	0.0862531179336550341515723700	0.4411798674150555517058184900	0
bacteroides spp.	0	0	0.0035734705546026300743281900	0	0	0	0.1339708497909592774813480200	0
rhodococcus yunnanensis	0.0209588682211160597327744300	0	0	0.0022370363742114446780904700	0.0023916578972543767339519800	0.0349674802433736624938806900	0.2009562746864389162220220400	0.0103903300661517680878329200
candidatus competibacter	0	0.0096181590843512551697605100	0	0	0.0023916578972543767339519800	0	0.2055759591619892361351719700	0
sphingomonas caulobacter leidyia	0	0	0	0	0.0071749736917631302018559300	0.0209804881460241974963284100	0	0.0069268867107678453918886200
lactococcus lactis	0.0314383023316740895991616500	0.0288544772530537655092815200	0	0.003355554561317167017135700	0	0.0256428188451406858288458400	0.0531263714688286790012242200	0
malassezia restricta	0	0	0	0	0	0	0.0115492111888757997828748300	0
serratia marcescens	0.1519517946030914330626146200	0.4616716360488602481485043800	0.028587764436821040594625500	0.0055925909355286116952261600	0.7509805797378742944609203100	0.1561880784204023591393337500	0.0300279490910770794354745600	0.0173172167769196134797215400
plautia stali	0	0	0	0	0.0023916578972543767339519800	0	0.0046196844755503199131499300	0
polynucleobacter	0	0.0096181590843512551697605100	0	0	0.09805797378742944609203100	0	0	0
bacillus	0	0	0	0	0	0	0.0415771602799528792183493900	0
adhaeribacter spp.	0	0	0	0.0011185181871057223390452300	0	0	0	0.0069268867107678453918886200
sandaracinobacter sibiricus	0	0	0	0.0011185181871057223390452300	0.0717497369176313020185592700	0	0	0
actinomyces neuii	0	0	0	0	0	0	0.0415771602799528792183493900	0
verrucomicrobiaceae	0	0	0	0	0	0.018649322796465953330069700	0	0
ralstonia	0	0	0	0.0011185181871057223390452300	0	0	0	0.0588785370415266858310532300
ethanoligenens spp.	0	0.0384726363374050206790420300	0	0	0	0	0	0.0069268867107678453918886200
thermus thiopara	0	0	0	0	0	0	0.0092393689511006398262998600	0
roseburia spp.	0.0209588682211160597327744300	0	0	0	0	0	0	0.0034634433553839226959443100
bacillus sp.	0.0104794341105580298663872200	0.0096181590843512551697605100	0.0250142938822184105202973100	0.0201333273679030021028141900	0.0071749736917631302018559300	0.0139869920973494649975522800	4.6751206892569237521077310400	0.0103903300661517680878329200
longilinea	0	0	0	0	0	0	0.0254082646155267595223246300	0
ilumatobacter spp.	0	0	0	0	0	0	0.0554362137066038389577991800	0
alphaproteobacteria	0	0	0	0	0	0	0.1755480100709121566996974100	0
rhodopila	0	0	0	0	0	0	0.0023098422377751599565749700	0.0069268867107678453918886200
dechloromonas spp.	0	0	0.0250142938822184105202973100	0	0	0	0	0
nubsella zeaxanthinifaciens	0	0	0.0035734705546026300743281900	0.0011185181871057223390452300	0.0023916578972543767339519800	0.0815907872345385458190549500	0.427320813988404591966368700	0
cyanobacteria	0	0	0	0.0011185181871057223390452300	0	0	0.196336590210888596308872100	0
enterococcus cecorum	0.2357872674875556719937123400	0.1827450226026738482254496500	6.5680388793596340766152086900	8.002997628741443335868641220	0.1793743422940782550463981600	0.0442921416416066391589155400	10.197953479777331208278474580	0.0623419803969106085269975400
oxalobacter sp.	0.1205134922714173434634529700	0.0577089545061075310185630500	0.0536020583190394511149228100	0.0559259093552861169522616400	0.1817660001913326317803501400	0.0815907872345385458190549500	0.1247314808398586376550481600	10.175596578117964880684376410
conexibacter spp.	0	0	0	0	0	0.0046623306991164883325174300	0.0023098422377751599565749700	0
gemmobacter rhodobacter changlaii	0	0	0	0.0011185181871057223390452300	0	0.0512856376902813716576916800	0	0
acinetobacter junii	0.0576368876080691642651296800	0.0673271135904587861883235500	0.0035734705546026300743281900	0.003355554561317167017135700	0.3348321056156127427532765700	0	0.1663086411198115168733975500	0.0311709901984553042634987700
bacteroidetes	0	0	0	0	0	0.0139869920973494649975522800	0	0
thermicanus	0	0	0.0071469411092052601486563800	0.0011185181871057223390452300	0	0.0023311653495582441662587100	0.1801676945464624766128473400	0
methanobacterium beijingense	0	0	0.0035734705546026300743281900	0	0	0	0.3141385443374217540941953700	0
pelagophyceae	0	0	0	0	0	0.0326363148938154183276219800	0	0
geobacteraceae	0	0	0.0107204116638078902229845600	0	0	0	0.1362806920287344374379229900	0
corynebacterium tuberculostearicum	0.0838354728844642389310977200	0.0577089545061075310185630500	0.0536020583190394511149228100	0.003355554561317167017135700	0.0071749736917631302018559300	0.1049024407301209874816420700	0.9377959485367149423694361700	0.0069268867107678453918886200
bradyrhizobium spp.	0.0052397170552790149331936100	0	0	0.0011185181871057223390452300	0	0.0023311653495582441662587100	0.1686184833575866768299725100	0
prevotella melaninogenica	0	0	0	0	0	0.0093246613982329766650348500	0	0
anoxybacillus tunensis	0.0104794341105580298663872200	0.0192363181687025103395210200	0.2930245854774156660949113800	0.0503333184197575052570354800	0.1291495264517363436334066800	0.0093246613982329766650348500	3.146005127849767860855103600	0.0588785370415266858310532300
bacilli	0	0	0	0	0	0	0.1593791144064860370036726500	0
homo sapiens	0	0	0	0.006711109122634334034271400	0	0	0.0023098422377751599565749700	0
cardiobacterium hominis	0	0	0	0	0.0430498421505787812111355600	0	0	0
spiroplasmataceae	0	0	0	0	0.0071749736917631302018559300	0	0	0.0034634433553839226959443100
bosea sp.	0	0	0	0	0.0860996843011575624222711200	0.0023311653495582441662587100	0.0993232162243318781327235300	0.0034634433553839226959443100
sphingomonadaceae	0	0.0096181590843512551697605100	0	0	0	0	0.1732381678331369967431224400	0
haliscomenobacter spp.	0.0052397170552790149331936100	0	0	0	0.0023916578972543767339519800	0.0046623306991164883325174300	0.4388700251772803917492435300	0
erysipelothrix	0.0104794341105580298663872200	0.0192363181687025103395210200	0	0	0	0	0	0
dothideomycetes	0	0	0	0	0	0	0.1108724274132076779155983600	0
iamia	0	0	0	0	0	0.0023311653495582441662587100	0.094703531748781558219573600	0.0034634433553839226959443100
atopostipes spp.	0.0104794341105580298663872200	0.0769452726748100413580840600	0.17152658662092624356775300	0.0111851818710572233904523300	0.5070314742179278675978188100	0.0699349604867473249877613800	0.1224216386020834776984731900	0.0069268867107678453918886200
rhabdochlamydiaceae	0	0	0	0.0011185181871057223390452300	0.0023916578972543767339519800	0	0.739149516088051186103989100	0
proteiniphilum acetatigenes	0.0209588682211160597327744300	0	0.0214408233276157804459691300	0.0123037000581629457294975600	0	0.0069934960486747324987761400	1.870972212597879564825722400	0
finegoldia magna	0.0052397170552790149331936100	0	0.0035734705546026300743281900	0.0022370363742114446780904700	0.0023916578972543767339519800	0.0233116534955824416625871300	0.1778578523086873166562723800	0
coprothermobacter proteolyticus	0	0	0.0107204116638078902229845600	0	0	0	0	0
sphingobacterium faecium	0	0	0	0	0	0	0.006929526713325479869724900	0
empedobacter	0	0.0096181590843512551697605100	0.200114351057747284162378500	0.0111851818710572233904523300	0.019133263178035013871615800	0.0279739841946989299951045500	3.1275263899475665812025038700	0
spumella sp.	0	0	0	0	0	0.0069934960486747324987761400	0	0
cyanothece	0	0	0.0035734705546026300743281900	0	0.0382665263560700277432316100	0	0	0
flavobacterium spp.	0	0	0	0	0	0.0093246613982329766650348500	0	0
gemmatimonas spp.	0	0	0	0	0	0	0	0.0103903300661517680878329200
kocuria rhizophila	0.0157191511658370447995808200	0	0	0	0	0.0396298109424901508263981200	0	0
corynebacterium appendicis	0.0052397170552790149331936100	0	0	0	0	0.0303051495442571741613632700	0	0
gemella sanguinis	0.0419177364422321194655488600	0	0.0035734705546026300743281900	0	0	0	0	0
neisseria sicca	0	0.0192363181687025103395210200	0.028587764436821040594625500	0	0	0	0	0
hymenobacter spp.	0	0	0	0.0011185181871057223390452300	0	0	0.0023098422377751599565749700	0.1073667440169016035742735400
arthrobacter spp.	0.0419177364422321194655488600	0.0865634317591612965278445700	0.0250142938822184105202973100	0.0615185002908147286474878100	0.019133263178035013871615800	0.1445322516726111383080401900	0.1940267479731134363522971400	3.141343123333217885221487200
clostridium spp.	0	0	0	0	0	0.0023311653495582441662587100	0.1062527429376573580024484300	0
methylobacterium adhaesivum	0.0733560387739062090647105100	0.0769452726748100413580840600	0.0214408233276157804459691300	0.0581629457294975616303521100	0.0358748684588156510092796300	0.0722661258363055691540200900	0.0646755826577044787840990500	7.0065459079416756138953347400
cytophaga	0	0	0	0.0011185181871057223390452300	0	0	0.1870972212597879564825722400	0
