genus	1.Nezara.viridula.Infected.Fat.Body	2.Nezara.viridula.Infected.Ovary	3.Nezara.viridula.Infected.Spermatheca	4.Nezara.viridula.Infected.Egg	5.Nezara.viridula.Clean.Fat.Body	6.Nezara.viridula.Clean.Ovary	7.Nezara.viridula.Clean.Spermatheca	8.Nezara.viridula.Clean.Egg	
rubellimicrobium	0	0.0096181590843512551697605100	0	0	0	0.0326363148938154183276219800	0	0
eterusia	0	0	0.0071461750098259906385107400	0	0.0023916578972543767339519800	0	0.0207368493813506601230386400	0
alternaria	0	0.0577089545061075310185630500	0	0	0	0	0	0
prosthecobacter	0	0	0	0	0	0.0093246613982329766650348500	0	0
gemmobacter	0	0	0	0.0011184931660067556987226800	0	0.0512856376902813716576916800	0	0
ohtaekwangia	0	0	0.1715082002358237753242576900	0	0	0	0	0
tepidimonas	0.0261985852763950746659680400	0.0480907954217562758488025400	0.1322042376817808268124486400	0.0022369863320135113974453600	0.0167416052807806371376638300	0.0209804881460241974963284100	0.9193336559065459321213796900	0
haliscomenobacter	0.0052397170552790149331936100	0	0.0035730875049129953192553700	0	0.0023916578972543767339519800	0.0046623306991164883325174300	0.603672726434874772470680400	0
sandaracinobacter	0	0	0	0.0011184931660067556987226800	0.0717497369176313020185592700	0	0	0
coniothyrium	0	0	0	0	0	0	0.1105965300338701873228727400	0
mycoplana	0	0	0.0071461750098259906385107400	0	0	0.0466233069911648833251742500	0.207368493813506601230386400	0
cryocola	0.0052397170552790149331936100	0.0096181590843512551697605100	0.0357308750491299531925536900	0.0044739726640270227948907200	0.0071749736917631302018559300	0	0.5760235939264072256399622100	0.0588785370415266858310532300
bifidobacterium	0	0.0384726363374050206790420300	0.0821810126129988923428734800	0.0078294521620472898910587700	0.0573997895341050416148474100	0.0256428188451406858288458400	1.7395912536577498214326858800	0.0069268867107678453918886200
geoalkalibacter	0	0	0.0107192625147389859577661100	0	0	0	0	0
enterococcus	3.0809536285040607807178412400	1.3561604308935269789362316100	92.51795476471218780147925823	97.44759859517258349551484240	0.8777384482923562613603750100	0.4522460778142993682541902700	11.250892836570585931199741940	0.5922488137706507810064766400
haemophilus	0.0523971705527901493319360800	0	0	0	0	0.0116558267477912208312935600	0	0
sphingobacterium	0	0	0.0428770500589559438310644200	0.0022369863320135113974453600	0.0023916578972543767339519800	0.0046623306991164883325174300	0.8456026358839658072394645300	0
gemmatimonas	0.0052397170552790149331936100	0	0.0035730875049129953192553700	0.0011184931660067556987226800	0.0717497369176313020185592700	0	0	0.0103903300661517680878329200
porphyromonas	0	0	0	0	0.0023916578972543767339519800	0.0279739841946989299951045500	0	0
ralstonia	0	0	0	0.0011184931660067556987226800	0	0	0	0.0588785370415266858310532300
sphingopyxis	0	0	0	0.0011184931660067556987226800	0	0	0.1428538512937489919587106300	0
reyranella	0	0	0	0.0011184931660067556987226800	0.0023916578972543767339519800	0.0163181574469077091638109900	0.4838598188981820695375682600	0
microbacterium	0	0	0	0	0	0.0023311653495582441662587100	0.0161286606299394023179189400	0
pseudomonas	0.3301021744825779407911972800	0.2693084543618351447532942200	0.2965662629077786114981955900	0.3467328814620942666040310500	0.5046398163206734908638668300	81.67704035247220085320651794	1.4630999285730743531255040200	0.4744917396875974093443701700
synechococcus	0.0052397170552790149331936100	0	0	0	0.0071749736917631302018559300	0	0	0
clostridium	0	0.0192363181687025103395210200	0.0035730875049129953192553700	0.0011184931660067556987226800	0	0.0046623306991164883325174300	0.7234856339715674754037925400	0.0034634433553839226959443100
chelatococcus	0	0	0.0107192625147389859577661100	0	0	0	0	0
homo	0	0	0	0.0067109589960405341923360800	0	0	0.0023040943757056289025598500	0
micavibrio	0	0	0	0	0	0	0.1751111725536277965945485100	0
sediminibacterium	0	0	0	0.0033554794980202670961680400	0	0.2167983775089167074620602800	0.6405382364461648349116379800	0.0069268867107678453918886200
anaerococcus	0	0	0.0107192625147389859577661100	0	0	0	0	0
hyphomicrobium	0.0157191511658370447995808200	0	0.0035730875049129953192553700	0.0022369863320135113974453600	0	0.0303051495442571741613632700	0.2488421925762079214764636800	0.0034634433553839226959443100
terrimonas	0	0	0	0	0.0023916578972543767339519800	0	0.1820234556807446833022280600	0
thermomonas	0	0.0673271135904587861883235500	0	0.0011184931660067556987226800	0	0.0023311653495582441662587100	0.2880117969632036128199811100	0
daeguia	0	0.0096181590843512551697605100	0.0821810126129988923428734800	0.0011184931660067556987226800	0	0.0023311653495582441662587100	0.3387018732287274486762977800	0
cloacibacterium	0	0.0577089545061075310185630500	0.4859399006681673634187301200	0.0178958906561080911795628900	0.0023916578972543767339519800	0.0046623306991164883325174300	1.108269394714407502131287300	0.0554150936861427631351089300
paludibacter	0.0366780193869531045323552500	0	0	0	0	0.0139869920973494649975522800	0	0
thermoanaerobacterium	0	0	0.0035730875049129953192553700	0	0	0	0.1497661344208658786663901800	0
fusobacterium	0	0.0384726363374050206790420300	0	0	0	0	0	0
prevotella	0	0.0288544772530537655092815200	0	0	0.0023916578972543767339519800	0.0093246613982329766650348500	0.103684246906753300615193200	0
conexibacter	0	0	0	0	0.0334832105615612742753276600	0.0046623306991164883325174300	0.0023040943757056289025598500	0
exiguobacterium	0.0052397170552790149331936100	0	0.0035730875049129953192553700	0.0011184931660067556987226800	0	0.0023311653495582441662587100	0.1751111725536277965945485100	0
pelobacter	0	0	0	0	0	0	0.0069122831271168867076795500	0
natronobacillus	0	0	0	0	0	0.0256428188451406858288458400	0	0
thermicanus	0.0209588682211160597327744300	0.0192363181687025103395210200	0.7074713259727730732125629800	0.0436212334742634722501845500	0.0167416052807806371376638300	0.0559479683893978599902091100	7.320107831616783023432639800	0.0380978769092231496553873900
serratia	0.1519517946030914330626146200	0.4616716360488602481485043800	0.0285847000393039625540429500	0.005592465830033778493613400	0.7509805797378742944609203100	0.1561880784204023591393337500	0.0299532268841731757332780400	0.0173172167769196134797215400
geobacter	0	0	0	0	0	0	0.1681988894265109098868689700	0
empedobacter	0	0.0096181590843512551697605100	0.2000929002751277378783006400	0.0111849316600675569872268100	0.019133263178035013871615800	0.0279739841946989299951045500	3.1197437847054215340660353400	0
planctomyces	0	0	0	0	0	0	0.0806433031496970115895947100	0
enhydrobacter	0.0104794341105580298663872200	0.1731268635183225930556891400	0	0	0	0	0.0023040943757056289025598500	0.0173172167769196134797215400
pirellula	0	0	0	0.0011184931660067556987226800	0	0	0.0967719637796364139075136500	0
adhaeribacter	0	0	0	0.0022369863320135113974453600	0	0.0536168030398396158239503900	0	0.0069268867107678453918886200
cyanothece	0	0	0.0035730875049129953192553700	0	0.0382665263560700277432316100	0	0	0
candidatus competibacter	0	0.0096181590843512551697605100	0	0	0.0023916578972543767339519800	0	0.3248773069744936752609386900	0
kocuria	0.0157191511658370447995808200	0	0	0	0	0.0396298109424901508263981200	0	0
legionella	0	0	0	0	0	0.0116558267477912208312935600	0	0
actinomyces	0.0157191511658370447995808200	0.0769452726748100413580840600	0.0107192625147389859577661100	0.0078294521620472898910587700	0.0143499473835262604037118500	0.0069934960486747324987761400	0.9677196377963641390751365200	0.0034634433553839226959443100
salinisphaera	0	0.0096181590843512551697605100	0	0	0.0023916578972543767339519800	0.090915448632771522484089800	0	0.0207806601323035361756658500
alcanivorax	0	0	0	0	0	0.0419609762920483949926568300	0	0
syntrophomonas	0	0	0.0428770500589559438310644200	0	0	0	0	0
cyanobacterium	0	0	0	0	0	0	0.0115204718785281445127992400	0
halotalea	0.068116321718627194131516900	0.0673271135904587861883235500	0	0	0	0	0	0
candidatus rhabdochlamydia	0	0	0	0.0011184931660067556987226800	0.0023916578972543767339519800	0	0.7373102002258012488191516300	0
williamsia	0	0	0	0	0	0.0326363148938154183276219800	0	0
labilithrix	0	0	0	0	0	0	0.1728070781779221676919886600	0
blautia	0.0157191511658370447995808200	0	0	0.0011184931660067556987226800	0	0.0069934960486747324987761400	0	0
strongyloides	0.0052397170552790149331936100	0	0	0	0	0	0.009216377502822515610239400	0
fluviicola	0.0314383023316740895991616500	0	0.0357308750491299531925536900	0	0	0	0	0
luteimonas	0	0	0.0393039625540429485118090500	0	0	0.0023311653495582441662587100	0	0
chloroflexus	0	0	0.0393039625540429485118090500	0.0011184931660067556987226800	0.0263082368697981440734717300	0.0233116534955824416625871300	0.1958480219349784567175871500	0
ilumatobacter	0	0	0	0	0	0	0.0552982650169350936614363700	0
brachybacterium	0	0	0	0.0011184931660067556987226800	0	0.0233116534955824416625871300	0.103684246906753300615193200	0.0138537734215356907837772300
pedomicrobium	0	0	0	0	0	0	0.1681988894265109098868689700	0
leucobacter	0	0	0	0	0	0	0.0069122831271168867076795500	0
virgibacillus	0	0	0	0	0	0	0.1589825119236883942766295700	0
lactococcus	0.0314383023316740895991616500	0.0288544772530537655092815200	0	0.0033554794980202670961680400	0	0.0256428188451406858288458400	0.0529941706412294647588765200	0
sphingomonas	0.0052397170552790149331936100	0.0096181590843512551697605100	0.0214385250294779719155322100	0.0078294521620472898910587700	0.0526164737395962881469434600	1.8998997598899689955008508800	0.0437777931384069491486371300	0.0415613202646070723513316900
rhodoplanes	0	0	0	0	0	0	0.0391696043869956913435174300	0
lysobacter	0.0052397170552790149331936100	0	0.0035730875049129953192553700	0.0033554794980202670961680400	0.0071749736917631302018559300	0.6853626127701237848800615400	0	0
variovorax	0.0366780193869531045323552500	0.0480907954217562758488025400	0.0357308750491299531925536900	0.0167773974901013354808402100	0.0406581842533244044771835800	0.2098048814602419749632841500	0.0783392087739913826870348600	6.2134173795587573165240882500
ankylochrysis	0	0	0	0	0	0.0326363148938154183276219800	0	0
methanobacterium	0	0	0.0035730875049129953192553700	0	0	0	0.4446902145111863781940508300	0
bacteroides	0.0052397170552790149331936100	0	0.0071461750098259906385107400	0.0011184931660067556987226800	0	0.0023311653495582441662587100	0.1359415681666321052510310800	0
nocardioides	0.0104794341105580298663872200	0	0	0	0.0023916578972543767339519800	0.0139869920973494649975522800	0	0
bacillus	0.0104794341105580298663872200	0.0096181590843512551697605100	0.0250116125343909672347875800	0.0201328769881216025770082500	0.0071749736917631302018559300	0.0139869920973494649975522800	4.7049607151908942190272113500	0.0103903300661517680878329200
sphingobium	0	0	0	0.0011184931660067556987226800	0	0.1958178893628925099657318700	0.0023040943757056289025598500	0.0034634433553839226959443100
rothia	0.0419177364422321194655488600	0	0	0	0.09805797378742944609203100	0.0093246613982329766650348500	0	0.0034634433553839226959443100
aquabacterium	0.0157191511658370447995808200	0.0384726363374050206790420300	0.057169400078607925108085900	0.0100664384940608012885041300	0.0717497369176313020185592700	2.5223209082220201878919271700	0.2834036082117923550148614100	0.0242441034876874588716101500
blastococcus	0	0	0	0	0	0.0069934960486747324987761400	0	0.0103903300661517680878329200
acidobacterium	0	0	0	0	0	0	0.0645146425197576092716757700	0.0138537734215356907837772300
xanthomonas	0	0	0.0857541001179118876621288500	0	0	0	0	0
cytophaga	0	0	0.0035730875049129953192553700	0.0011184931660067556987226800	0.0023916578972543767339519800	0.0093246613982329766650348500	0.4308656482569526047786917400	0
elizabethkingia	0	0	0	0	0	0	0.0115204718785281445127992400	0
rhizobium	0	0	0.0071461750098259906385107400	0.0011184931660067556987226800	0.0047833157945087534679039500	0.0769284565354220574865375200	0.3525264394829612220916568700	0.0034634433553839226959443100
lewinella	0	0.0096181590843512551697605100	0	0.0011184931660067556987226800	0	0.0023311653495582441662587100	0.19815211631068408562014700	0
verrucomicrobium	0	0	0.0250116125343909672347875800	0	0	0.018649322796465953330069700	0	0
amanita	0	0	0.0071461750098259906385107400	0	0	0	0.0023040943757056289025598500	0
kaistobacter	0	0.0288544772530537655092815200	0	0.0011184931660067556987226800	0.1219745527599732134315507500	0	0	0
novosphingobium	0	0.0096181590843512551697605100	0	0.0011184931660067556987226800	0.0023916578972543767339519800	0.0582791337389561041564678200	0.5414621782908227921015644800	0
hymenobacter	0	0	0	0.0011184931660067556987226800	0	0	0.0023040943757056289025598500	0.1281474041492051397499393900
helcobacillus	0	0.0288544772530537655092815200	0	0	0	0	0	0
alkanindiges	0	0	0	0.0067109589960405341923360800	0	1.0327062498543021656526097400	0.0299532268841731757332780400	0.0034634433553839226959443100
flavisolibacter	0	0	0	0.0011184931660067556987226800	0.1028412895819381995599349500	0.0139869920973494649975522800	0.4631229695168314094145296200	0
flavobacterium	0	0	0	0	0	0.0093246613982329766650348500	0	0
olsenella	0	0	0	0	0	0	0.0184327550056450312204787900	0
isoptericola	0	0	0.0178654375245649765962768400	0	0.0023916578972543767339519800	0	0	0.0034634433553839226959443100
xanthobacter	0	0	0	0	0	0	0.0207368493813506601230386400	0
spumella	0	0	0	0	0	0.0069934960486747324987761400	0	0
paracoccus	0	0	0	0.0033554794980202670961680400	0.0023916578972543767339519800	0.6154276522833764598923001600	0	0
methylothermus	0	0	0	0	0	0	0.0184327550056450312204787900	0
salmonella	38.600995546240503012837306790	29.825911320573242281427334810	0.1143388001572158502161717900	0.1375746594188309509428897400	1.1647373959628814694346120700	0.3589994638319696016038417600	0.1612866062993940231791894200	0.1593183943476604440134381600
jeotgalicoccus	0	0.0384726363374050206790420300	0	0	0	0	0	0
acinetobacter	0.0995546240503012837306785400	0.1346542271809175723766471100	0.0107192625147389859577661100	0.0078294521620472898910587700	0.7916387639911986989381038900	0.0489544723407231274914329700	0.4124328932513075735582129400	0.0380978769092231496553873900
moorella	0	0	0	0.0022369863320135113974453600	0	0	0.1105965300338701873228727400	0
rhodopila	0	0	0	0	0	0	0.0023040943757056289025598500	0.0069268867107678453918886200
iamia	0	0	0	0	0	0.0023311653495582441662587100	0.094467869403930785004953800	0.0034634433553839226959443100
knoellia	0	0.0096181590843512551697605100	0.0071461750098259906385107400	0	0	0.0209804881460241974963284100	0	0.0034634433553839226959443100
desulfobacula	0	0	0	0	0	0.0396298109424901508263981200	0	0
alloscardovia	0	0	0	0	0	0.0209804881460241974963284100	0	0
rattus	0	0	0	0	0	0.0093246613982329766650348500	0	0
pinus	0	0	0	0	0	0	0	0.0415613202646070723513316900
candidatus microthrix	0	0.0577089545061075310185630500	0	0	0	0	0	0
erythrobacter	0	0	0.0035730875049129953192553700	0.0044739726640270227948907200	0	0.0046623306991164883325174300	0.19815211631068408562014700	0
roseomonas	0.0052397170552790149331936100	0	0.0071461750098259906385107400	0.0033554794980202670961680400	0	0	0.0023040943757056289025598500	0.2078066013230353617566584700
anoxybacillus	0.0104794341105580298663872200	0.0192363181687025103395210200	0.2929931754028656161789402200	0.0503321924703040064425206400	0.1291495264517363436334066800	0.0093246613982329766650348500	3.1381765397110665652865141400	0.0588785370415266858310532300
bdellovibrio	0	0	0	0.0011184931660067556987226800	0	0.0093246613982329766650348500	0.0898596806525195271998341100	0
ruminococcus	0	0.0096181590843512551697605100	0	0.0123034248260743126859494900	0.009566631589017506935807900	0.0046623306991164883325174300	1.7280707817792216769198866400	0.0069268867107678453918886200
corynebacterium	0.1047943411055802986638721500	0.2019813407713763585649706600	0.3001393504126916068174509600	0.0357917813122161823591257900	0.1028412895819381995599349500	0.1515257477212858708068163300	3.4883988848183221584756111600	0.0692688671076784539188861600
plautia	0	0	0	0	0.0023916578972543767339519800	0	0.004608188751411257805119700	0
rhodocista	0	0	0	0	0	0.1328764249248199174767466300	0	0
eubacterium	0	0	0	0	0.0286998947670525208074237100	0	0	0
cardiobacterium	0	0	0	0	0.0430498421505787812111355600	0	0	0
thiorhodospira	0	0	0	0	0	0	0.0253450381327619179281583400	0
bellilinea	0	0	0.0035730875049129953192553700	0.0022369863320135113974453600	0.0047833157945087534679039500	0.0023311653495582441662587100	0.4539065920140088938042902200	0
aquimonas	0	0	0	0.0011184931660067556987226800	0	0	0.3133568350959655307481394400	0
frigoribacterium	0.0052397170552790149331936100	0	0	0.0022369863320135113974453600	0.0047833157945087534679039500	0.0139869920973494649975522800	0.0115204718785281445127992400	0.0831226405292141447026633900
polynucleobacter	0	0.0096181590843512551697605100	0	0	0.09805797378742944609203100	0	0	0
pedosphaera	0	0	0	0	0	0	0	0.0554150936861427631351089300
candida	0	0	0	0	0	0	0.0529941706412294647588765200	0
acidovorax	0.0419177364422321194655488600	0.0096181590843512551697605100	0.192946725265301747239789900	0.0067109589960405341923360800	0.0119582894862718836697598800	0.806583210947152481525514600	0.5391580839151171631990046300	0.0103903300661517680878329200
marchantia	0	0	0	0	0.0143499473835262604037118500	0	0	0
sporocytophaga	0	0	0	0.0011184931660067556987226800	0.0286998947670525208074237100	0	0	0
siphonobacter	0.0261985852763950746659680400	0	0	0	0	0	0	0
neisseria	0	0.0192363181687025103395210200	0.0285847000393039625540429500	0	0	0	0	0
dolosigranulum	0	0.0096181590843512551697605100	0	0	0	0	0	0.0242441034876874588716101500
lactobacillus	0	0.0192363181687025103395210200	0.4823668131632543680994747600	0.0100664384940608012885041300	0.0669664211231225485506553100	0.0046623306991164883325174300	0.0391696043869956913435174300	0.1004398573061337581823849300
geodermatophilus	0	0	0	0	0	0.0163181574469077091638109900	0.0023040943757056289025598500	0
alkalibacterium	0	0	0	0.0022369863320135113974453600	0	0.0326363148938154183276219800	0.2258012488191516324508651900	0
solobacterium	0	0.0192363181687025103395210200	0	0.0011184931660067556987226800	0	0	0	0
lentzea	0	0	0	0.0011184931660067556987226800	0.0358748684588156510092796300	0	0	0
coprothermobacter	0	0	0.0107192625147389859577661100	0	0	0	0	0
aminobacter	0.0576368876080691642651296800	0	0	0	0	0.0419609762920483949926568300	0.0921637750282251561023939500	0
leptolyngbya	0	0	0	0.0011184931660067556987226800	0	0	0.1428538512937489919587106300	0
tistrella	0	0	0	0	0	0	0.0437777931384069491486371300	0
ignavibacterium	0	0	0	0.0011184931660067556987226800	0.0023916578972543767339519800	0.0023311653495582441662587100	0.1290292850395152185433515400	0
alkalibacter	0	0	0	0.0011184931660067556987226800	0	0.0069934960486747324987761400	0.3248773069744936752609386900	0
dechloromonas	0	0	0.0250116125343909672347875800	0	0	0	0	0
methylobacterium	0.0733560387739062090647105100	0.0865634317591612965278445700	0.0214385250294779719155322100	0.0592801377983580520323020800	0.0406581842533244044771835800	0.1258829288761451849779704900	0.0691228312711688670767954700	7.1000588785370415266858310500
gemella	0.0419177364422321194655488600	0	0.0035730875049129953192553700	0	0	0	0	0
malassezia	0	0	0	0	0	0	0.0115204718785281445127992400	0
rhodopseudomonas	0	0	0	0	0.0263082368697981440734717300	0	0.2050643994378009723278265500	0
pantoea	33.314121037463976945244956770	18.053284601327305953640473210	0.6109979633401221995926680200	0.8981500123034248260743126900	85.57112790586434516406773175	4.8698044152271720633144508900	29.810373032879426741319324440	3.0097322758286288227756035100
dokdonella	0.0052397170552790149331936100	0	0.0035730875049129953192553700	0.0033554794980202670961680400	0.0047833157945087534679039500	0.018649322796465953330069700	1.0368424690675330061519319800	0.0069268867107678453918886200
anaerobiospirillum	0	0	0	0	0	0.018649322796465953330069700	0	0
halothiobacillus	0	0	0.0035730875049129953192553700	0.0011184931660067556987226800	0	0	0.1658947950508052809843091200	0
longilinea	0	0	0.0071461750098259906385107400	0.0100664384940608012885041300	0	0	1.1681758484827538535978433700	0
aridibacter	0	0	0.0035730875049129953192553700	0.0022369863320135113974453600	0	0	0.5483744614179396788092440300	0
bosea	0	0	0	0	0.0860996843011575624222711200	0.0023311653495582441662587100	0.099076058155342042810073500	0.0034634433553839226959443100
rhodococcus	0.0209588682211160597327744300	0	0	0.0022369863320135113974453600	0.0023916578972543767339519800	0.0349674802433736624938806900	0.2004562106863897145227068500	0.0103903300661517680878329200
oxalobacter	0.1205134922714173434634529700	0.0577089545061075310185630500	0.0535963125736949297888305300	0.0559246583003377849361340400	0.1817660001913326317803501400	0.0815907872345385458190549500	0.1244210962881039607382318400	10.175596578117964880684376410
spiroplasma	0	0	0	0	0.0071749736917631302018559300	0	0	0.0034634433553839226959443100
mesorhizobium	0	0	0	0	0.0286998947670525208074237100	0.0116558267477912208312935600	0	0
klebsiella	0.0157191511658370447995808200	0.0384726363374050206790420300	0	0.005592465830033778493613400	0.0860996843011575624222711200	0.0046623306991164883325174300	0.0529941706412294647588765200	0
haliangium	0	0	0	0	0	0	0	0.0103903300661517680878329200
agrobacterium	0	0	0	0	0	0.1981490547124507541319905800	0	0
pelistega	0.0052397170552790149331936100	0	0	0	0	0	0	0.0069268867107678453918886200
thiomicrospira	0	0	0	0.0011184931660067556987226800	0	0	0.0529941706412294647588765200	0
photobacterium	0	0	0	0	0	0.0396298109424901508263981200	0	0
peptoniphilus	0.0314383023316740895991616500	0	0	0	0.1315411843489907203673586500	0.0093246613982329766650348500	0	0
altererythrobacter	0.0052397170552790149331936100	0	0	0	0.0143499473835262604037118500	0.0256428188451406858288458400	0.207368493813506601230386400	0
erysipelothrix	0.0104794341105580298663872200	0.0192363181687025103395210200	0	0	0	0	0	0
nosema	0.0052397170552790149331936100	0.0192363181687025103395210200	0	0	0	0	0	0
devosia	0	0	0	0	0	0.0069934960486747324987761400	0.0023040943757056289025598500	0.0103903300661517680878329200
halomonas	0.0157191511658370447995808200	0.0384726363374050206790420300	0.2108121627898667238360667500	0.0033554794980202670961680400	0.1698077107050607481105902600	0.0792596218849803016527962300	0.1405497569180433630561507800	0
pseudoxanthomonas	0.0104794341105580298663872200	0.0096181590843512551697605100	0.057169400078607925108085900	0.0022369863320135113974453600	0.0119582894862718836697598800	0.0069934960486747324987761400	1.1566553766042257090850441200	0.0069268867107678453918886200
levilinea	0	0	0	0	0	0	0.2004562106863897145227068500	0
xylella	0	0	0	0	0	0.0116558267477912208312935600	0	0
rhizopus	0	0	0	0	0.019133263178035013871615800	0	0	0
pythium	0.0419177364422321194655488600	0.0865634317591612965278445700	0	0.0022369863320135113974453600	0.0047833157945087534679039500	0	0.0460818875141125780511969800	0
comamonas	0	0.0096181590843512551697605100	0.0178654375245649765962768400	0	0.0023916578972543767339519800	0.0023311653495582441662587100	0.1543743231722771364715098700	0.0034634433553839226959443100
desulfuromonas	0	0	0	0.0011184931660067556987226800	0	0.0023311653495582441662587100	0.1105965300338701873228727400	0
aphanothece	0	0	0	0	0	0	0.0529941706412294647588765200	0
vairimorpha	21.660990306523447733822373590	46.561508127344426276810618450	0.7181905884875120591703290800	0.1521150705769187750262845900	0.0526164737395962881469434600	0.0582791337389561041564678200	0.0460818875141125780511969800	0.0519516503307588404391646200
zea	0	0	0	0	0	0	0	0.0311709901984553042634987700
skermanella	0	0	0	0.0044739726640270227948907200	0	0.0093246613982329766650348500	0.004608188751411257805119700	0.2736120250753298929796003200
dehalococcoides	0	0	0	0.0011184931660067556987226800	0	0	0.0368655100112900624409575800	0
staphylococcus	0.5868483101912496725176840500	0.1923631816870251033952101600	0.0786079251080858970236181100	0.0223698633201351139744536200	0.6887974744092604993781689500	0.1911555586637760216332144400	1.0829243565816455842031289600	0.0277075468430713815675544600
mucor	0.068116321718627194131516900	0	0	0.0011184931660067556987226800	0.1004496316846838228259829700	0	0	0
halospirulina	0.0314383023316740895991616500	0.1827450226026738482254496500	0.0178654375245649765962768400	0.0279623291501688924680670200	4.4915335310437195063618100100	0.3799799519779937991001701800	0.0299532268841731757332780400	0.7030790011429363072766944900
actinomadura	0	0	0	0	0	0	0.0368655100112900624409575800	0
roseovarius	0	0	0	0	0	0.0396298109424901508263981200	0	0
finegoldia	0.0052397170552790149331936100	0	0.0035730875049129953192553700	0.0022369863320135113974453600	0.0023916578972543767339519800	0.0233116534955824416625871300	0.1774152669293334254971083600	0
candidatus alysiosphaera	0.0052397170552790149331936100	0	0	0	0	0	0	0.0623419803969106085269975400
stenotrophomonas	0.0104794341105580298663872200	0.0192363181687025103395210200	0.0107192625147389859577661100	0.0044739726640270227948907200	0.4376733951975509423132115200	0.018649322796465953330069700	0.6727955577060436395474758600	0.0103903300661517680878329200
ethanoligenens	0	0.0384726363374050206790420300	0	0	0	0	0	0.0069268867107678453918886200
oenothera	0.0052397170552790149331936100	0.0384726363374050206790420300	0	0.0022369863320135113974453600	0.6696642112312254855065531400	0	0.0345614156355844335383977300	0.0034634433553839226959443100
tepidiphilus	0	0	0.0107192625147389859577661100	0.0044739726640270227948907200	0.0023916578972543767339519800	0.0069934960486747324987761400	0.905509089652312158706020600	0.0069268867107678453918886200
proteiniphilum	0.0209588682211160597327744300	0	0.0214385250294779719155322100	0.0123034248260743126859494900	0	0.0069934960486747324987761400	1.8663164443215594110734775700	0
bradyrhizobium	0.0052397170552790149331936100	0.0096181590843512551697605100	0	0.0011184931660067556987226800	0.0023916578972543767339519800	0.0023311653495582441662587100	0.3870878551185456556300546100	0
rufibacter	0	0	0.1464965877014328080894701100	0	0	0	0	0
laceyella	0	0.0769452726748100413580840600	0	0	0	0	0	0
dietzia	0.0366780193869531045323552500	0	0.2465430378389966770286204300	0.0033554794980202670961680400	0.0502248158423419114129914900	0	0.0460818875141125780511969800	0.0207806601323035361756658500
deinococcus	0	0	0	0	0	0	0	0.0138537734215356907837772300
veillonella	0	0	0	0.0022369863320135113974453600	0	0.0046623306991164883325174300	0.1290292850395152185433515400	0
crocinitomix	0	0	0	0.0033554794980202670961680400	0	0	0.2050643994378009723278265500	0
atopostipes	0.0261985852763950746659680400	0.0865634317591612965278445700	0.2429699503340836817093650600	0.0145404111580878240833948500	0.6170477374916291973596096800	0.2004802200620089982982492900	0.2096725881892122301329462500	0.0069268867107678453918886200
burkholderia	0.0157191511658370447995808200	0.0865634317591612965278445700	0	0	0.0358748684588156510092796300	0	0.1405497569180433630561507800	0.0138537734215356907837772300
roseburia	0.0209588682211160597327744300	0	0	0	0	0	0	0.0034634433553839226959443100
nubsella	0	0	0.0035730875049129953192553700	0.0011184931660067556987226800	0.0023916578972543767339519800	0.0815907872345385458190549500	0.4262574595055413469735720400	0
candidatus soleaferrea	0	0	0	0.0011184931660067556987226800	0	0	0.1751111725536277965945485100	0
arthrobacter	0.0419177364422321194655488600	0.0865634317591612965278445700	0.0250116125343909672347875800	0.0615171241303715634297474400	0.019133263178035013871615800	0.1445322516726111383080401900	0.193543927559272827815027300	3.141343123333217885221487200
cupriavidus	0	0	0	0.0011184931660067556987226800	0	0.0862531179336550341515723700	0.4400820257597751203889311300	0
streptococcus	0.2986638721509038511920356300	0.2789266134461863999230547300	0.4109050630649944617143673800	0.0078294521620472898910587700	0.2582990529034726872668133600	0.2494346924027321257896822600	0.7903043708670307135780281600	0.04502476361999099504727600
rubrobacter	0	0	0	0	0	0	0.0437777931384069491486371300	0
methylophilus	0.0052397170552790149331936100	0	0	0	0.0502248158423419114129914900	0	0	0
thermus	0	0	0	0	0	0	0.009216377502822515610239400	0
modestobacter	0	0.0096181590843512551697605100	0	0.0078294521620472898910587700	0	0.0023311653495582441662587100	0.0069122831271168867076795500	0.3151733453399369653309320100
pediococcus	0	0	0	0.0011184931660067556987226800	0	0	0	0.0138537734215356907837772300
massilia	0.419177364422321194655488600	0.4809079542175627584880253900	0.2679815628684746489441526400	0.3142965796478983513410733100	0.5309480531904716349373385600	0.4662330699116488332517425500	0.2649708532061473237943826200	66.182939078031378796799778340
