species	1.Nezara.viridula.Infected.Fat.Body	2.Nezara.viridula.Infected.Ovary	3.Nezara.viridula.Infected.Spermatheca	4.Nezara.viridula.Infected.Egg	5.Nezara.viridula.Clean.Fat.Body	6.Nezara.viridula.Clean.Ovary	7.Nezara.viridula.Clean.Spermatheca	8.Nezara.viridula.Clean.Egg	
oxalobacter sp.	0.1540832049306625577812018500	0.1084010840108401084010840100	0.0539937367265397213923184900	0.0560167602146562251425626500	0.1833534378769601930036188200	0.0816783739002590371286551100	0.1254064096609382257315373900	10.188653072548203634345956440
pirellula spp.	0	0	0	0.0011203352042931245028512500	0	0	0.0975383186251741755689735300	0
enterococcus faecium	0.0200978093387820727540698100	0.0180668473351400180668473400	0.3167632554623663655016018100	0.324897209245006105826863400	0.0024125452352231604342581400	0	0	0.0034678873630184491607712600
chloroflexus spp.	0	0	0.0395954069327957956877002300	0.0011203352042931245028512500	0.0265379975874547647768395700	0.0233366782572168677510443200	0.1973989781699953553181607100	0
labilithrix luteola	0	0	0	0	0	0	0.1741755689735253135160241500	0
syntrophomonas spp.	0	0	0.0431949893812317771138547900	0	0	0	0	0
pedosphaera spp.	0	0	0	0	0	0	0	0.0554861978082951865723401300
nocardioides spp.	0	0	0	0	0	0.0140020069543301206506265900	0	0
ruminococcus sp.	0	0.0180668473351400180668473400	0	0.0112033520429312450285125300	0.0096501809408926417370325700	0.0046673356514433735502088600	1.7278216442173711100789595900	0.0069357747260368983215425200
thiorhodospira spp.	0	0	0	0	0	0	0.0255457501161170459823502100	0
uncultured candidatus competibacter sp.	0	0.0180668473351400180668473400	0	0	0.0024125452352231604342581400	0	0.3274500696702275894101254100	0
rhodocista sp.	0	0	0	0	0	0.133019066066136146180952600	0	0
corynebacterium kroppenstedtii	0	0.0542005420054200542005420100	0.0035995824484359814261545700	0	0.0434258142340168878166465600	0	0	0
planctomyces sp.	0	0	0	0	0	0	0.0812819321876451463074779400	0
pantoea spp.	42.593957258658806190125276340	33.911472448057813911472448060	0.615528598682552823872430800	0.8996291690473789757895562400	86.31845597104945717732207479	4.8750320879326036731931576900	30.046446818392940083604273110	3.0135941184630323207102233300
bifidobacterium thermophilum	0	0.0722673893405600722673893400	0.0827903963140275728015550200	0.0078423464300518715199587700	0.0579010856453558504221954200	0.0256703460829385545261487500	1.753367394333488156061309800	0.0069357747260368983215425200
alcanivorax dieselolei	0	0	0	0	0	0.0420060208629903619518797700	0	0
erysipelothrix rhusiopathiae	0.013398539559188048502713200	0.0361336946702800361336946700	0	0	0	0	0	0
actinomyces johnsonii	0.013398539559188048502713200	0	0.0035995824484359814261545700	0	0.0096501809408926417370325700	0.0046673356514433735502088600	0.0719925685090571295866233200	0
streptococcus sanguinis	0.314865679640919139813760300	0.0180668473351400180668473400	0.1295849681436953313415643800	0.0022406704085862490057025100	0.1640530759951749095295536800	0.1610230799747963874822057800	0.0743149094287041337668369700	0
haliangium spp.	0	0	0	0	0	0	0	0.0104036620890553474823137700
terrimonas spp.	0	0	0	0	0.0024125452352231604342581400	0	0.1834649326521133302368787700	0
novosphingobium subarcticum	0	0	0	0.0011203352042931245028512500	0.0024125452352231604342581400	0.0583416956430421693776107900	0.3715745471435206688341848600	0
acidobacterium spp.	0	0	0	0	0	0	0.0650255457501161170459823500	0.0138715494520737966430850300
cardiobacterium hominis	0	0	0	0	0.0434258142340168878166465600	0	0	0
brachybacterium arcticum	0	0	0	0.0011203352042931245028512500	0	0.0233366782572168677510443200	0.1045053413841151881096144900	0.0138715494520737966430850300
dietzia maris	0.006699269779594024251356600	0	0	0.0022406704085862490057025100	0	0	0.041802136553646075243845800	0.0138715494520737966430850300
halomonas xinjiangensis	0.0200978093387820727540698100	0.0722673893405600722673893400	0.212375364457722904143119400	0.0033610056128793735085537600	0.1712907117008443908323281100	0.0793447060745373503535506800	0.1416627960984672549930329800	0
acinetobacter towneri	0.0535941582367521940108528200	0.1264679313459801264679313500	0.0071991648968719628523091300	0.0044813408171724980114050100	0.4607961399276236429433051900	0.0490070243401554222771930600	0.2484904784022294472828611200	0.0069357747260368983215425200
thermoanaerobacterium saccharolyticum	0	0	0.0035995824484359814261545700	0	0	0	0.150952159777055271713887600	0
enterococcus spp.	0.0200978093387820727540698100	0	0.2447716064936467369785104900	0.324897209245006105826863400	0	0.0023336678257216867751044300	0	0
alloscardovia omnicolens	0	0	0	0	0	0.0210030104314951809759398800	0	0
eubacterium spp.	0	0	0	0	0.0289505428226779252110977100	0	0	0
mesorhizobium septentrionale	0	0	0	0	0	0.0116683391286084338755221600	0	0
leptolyngbya mycoidea	0	0	0	0.0011203352042931245028512500	0	0	0.1439851370181142591732466300	0
serratia marcescens	0.1942788236082267032893414600	0.8672086720867208672086720900	0.0287966595874878514092365300	0.0056016760214656225142562700	0.7575392038600723763570566900	0.1563557443233530139319969200	0.0301904319554110543427775200	0.0173394368150922458038562900
altererythrobacter spp.	0	0	0	0	0.0144752714113389626055488500	0.0256703460829385545261487500	0	0
comamonas jiangduensis	0	0.0180668473351400180668473400	0.0179979122421799071307728300	0	0.0024125452352231604342581400	0.0023336678257216867751044300	0.1555968416163492800743149100	0.0034678873630184491607712600
finegoldia magna	0.006699269779594024251356600	0	0.0035995824484359814261545700	0.0022406704085862490057025100	0.0024125452352231604342581400	0.0233366782572168677510443200	0.1788202508128193218764514600	0
rubellimicrobium spp.	0	0.0180668473351400180668473400	0	0	0	0.0326713495601036148514620400	0	0
candidatus rhabdochlamydia porcellionis	0	0	0	0.0011203352042931245028512500	0.0024125452352231604342581400	0	0.7431490942870413376683697200	0
pelobacter spp.	0	0	0	0	0	0	0.0069670227589410125406409700	0
gemmatimonas spp.	0.006699269779594024251356600	0	0.0035995824484359814261545700	0.0011203352042931245028512500	0.0723763570566948130277442700	0	0	0.0104036620890553474823137700
bradyrhizobium spp.	0.006699269779594024251356600	0	0	0.0011203352042931245028512500	0	0.0023336678257216867751044300	0.1695308871342313051555968400	0
methylobacterium thiocyanatum	0	0.0180668473351400180668473400	0	0	0.0024125452352231604342581400	0.0420060208629903619518797700	0	0
crocinitomix spp.	0	0	0	0.0033610056128793735085537600	0	0	0.2066883418485833720390153300	0
rhizobium mongolense	0	0	0	0	0.0024125452352231604342581400	0.0210030104314951809759398800	0	0
enterococcus faecalis	3.4769210156092985864540765100	2.0776874435411020776874435400	83.43112198984917749541053238	81.68700075062458687639341691	0.6272617611580217129071170100	0.3570511773354180765909780400	0.7826288899210404087320018600	0.447357469829379941739492300
sandaracinobacter sibiricus	0	0	0	0.0011203352042931245028512500	0.0723763570566948130277442700	0	0	0
sphingobacterium faecium	0	0	0	0	0	0	0.0069670227589410125406409700	0
natronobacillus azotifigens	0	0	0	0	0	0.0256703460829385545261487500	0	0
bosea sp.	0	0	0	0	0.0868516284680337756332931200	0.0023336678257216867751044300	0.0998606595448211797491871800	0.0034678873630184491607712600
thermomonas spp.	0	0	0	0.0011203352042931245028512500	0	0.0023336678257216867751044300	0.2902926149558755225267069200	0
aquabacterium spp.	0.0200978093387820727540698100	0.0722673893405600722673893400	0.0575933191749757028184730600	0.0100830168386381205256612800	0.0723763570566948130277442700	2.5250285874308650906629950300	0.2856479331165815141662796100	0.0242752115411291441253988100
tistrella spp.	0	0	0	0	0	0	0.0441244774732930794240594500	0
pseudomonas putida	0.0267970791183760970054264100	0.0903342366757000903342366800	0	0.0067220112257587470171075200	0.2702050663449939686369119400	0.1423537373690228932813703300	0.5968416163492800743149094300	0.0624219725343320848938826500
novosphingobium sp.	0	0.0180668473351400180668473400	0	0	0	0	0.1741755689735253135160241500	0
enterococcus hirae	0	0	0.0071991648968719628523091300	0.0078423464300518715199587700	0	0	0	0
prosthecobacter debontii	0	0	0	0	0	0.0093346713028867471004177300	0	0
aridibacter acidobacteria bacterium	0	0	0.0035995824484359814261545700	0.0022406704085862490057025100	0	0	0.5527171388759869948908499800	0
lactococcus lactis	0.0401956186775641455081396100	0.0542005420054200542005420100	0	0.0033610056128793735085537600	0	0.0256703460829385545261487500	0.0534138411518810961449140700	0
clostridium sp.	0	0	0	0	0	0	0.0510915002322340919647004200	0
geobacter spp.	0	0	0	0	0	0	0.1695308871342313051555968400	0
cryocola spp.	0.006699269779594024251356600	0.0180668473351400180668473400	0.0359958244843598142615456600	0.0044813408171724980114050100	0.0072376357056694813027744300	0	0.5805852299117510450534138400	0.0589540851713136357331113900
enterococcus lactis	0	0	0.0827903963140275728015550200	0.1254775428808299443193403500	0	0	0	0.0034678873630184491607712600
dolosigranulum pigrum	0	0.0180668473351400180668473400	0	0	0	0	0	0.0242752115411291441253988100
peptoniphilus asaccharolyticus	0.0401956186775641455081396100	0	0	0	0.1326899879372738238841978300	0.0093346713028867471004177300	0	0
rufibacter sp.	0	0	0.1475828803858752384723372100	0	0	0	0	0
spiroplasma spp.	0	0	0	0	0.0072376357056694813027744300	0	0	0.0034678873630184491607712600
thermomonas fusca	0	0.1264679313459801264679313500	0	0	0	0	0	0
roseburia spp.	0.0267970791183760970054264100	0	0	0	0	0	0	0.0034678873630184491607712600
nubsella zeaxanthinifaciens	0	0	0.0035995824484359814261545700	0.0011203352042931245028512500	0.0024125452352231604342581400	0.0816783739002590371286551100	0.4296330701346957733395262400	0
acidovorax avenae	0.006699269779594024251356600	0.0180668473351400180668473400	0.0179979122421799071307728300	0.0022406704085862490057025100	0.0072376357056694813027744300	0.3290471634267578352897248600	0.5318160705991639572689270800	0.0069357747260368983215425200
roseovarius sp.	0	0	0	0	0	0.0396723530372686751767753400	0	0
pseudoxanthomonas taiwanensis	0.013398539559188048502713200	0.0180668473351400180668473400	0.0575933191749757028184730600	0.0022406704085862490057025100	0.0120627261761158021712907100	0.0070010034771650603253132900	1.1658151416627960984672549900	0.0069357747260368983215425200
ignavibacterium spp.	0	0	0	0.0011203352042931245028512500	0.0024125452352231604342581400	0.0023336678257216867751044300	0.130051091500232234091964700	0
rhodopseudomonas spp.	0	0	0	0	0.0265379975874547647768395700	0	0	0
methylobacterium adhaesivum	0.0937897769143163395189924300	0.1445347786811201445347786800	0.021597494690615888556927400	0.0593777658275355986511164100	0.0386007237635705669481302800	0.0723437025973722900282373800	0.0696702275894101254064096600	7.1091690941878207795810792100
salmonella enterica	49.353520466269176659744087890	56.025293586269196025293586270	0.1151866383499514056369461100	0.1378012301280543138507041300	1.1749095295536791314837153200	0.3593848451611397633660824700	0.1625638643752902926149558800	0.1595228186988486613954778700
chelatococcus sp.	0	0	0.010798747345307944278463700	0	0	0	0	0
frigoribacterium sp.	0.006699269779594024251356600	0	0	0.0022406704085862490057025100	0.0048250904704463208685162800	0.0140020069543301206506265900	0.0116117045982350209010682800	0.083229296712442779858510200
alkalibacterium thalassios	0	0	0	0.0022406704085862490057025100	0	0	0.2275894101254064096609382300	0
micavibrio sp.	0	0	0	0	0	0	0.0789595912679981421272642800	0
laceyella sp.	0	0.1445347786811201445347786800	0	0	0	0	0	0
tepidimonas spp.	0.0334963488979701212567830100	0.0903342366757000903342366800	0.1331845505921313127677189400	0.0022406704085862490057025100	0.01688781664656212303980700	0.0210030104314951809759398800	0.9266140269391546679052484900	0
actinomyces sp.	0	0.0542005420054200542005420100	0.0071991648968719628523091300	0.0067220112257587470171075200	0.0048250904704463208685162800	0.0023336678257216867751044300	0.7524384579656293543892243400	0.0034678873630184491607712600
nocardioides caeni	0.013398539559188048502713200	0	0	0	0.0024125452352231604342581400	0	0	0
corynebacterium glucuronolyticum	0	0	0	0	0	0.0093346713028867471004177300	0	0
candidatus alysiosphaera europeae	0.006699269779594024251356600	0	0	0	0	0	0	0.0624219725343320848938826500
variovorax paradoxus	0.0468948884571581697594962100	0.0903342366757000903342366800	0.0359958244843598142615456600	0.016805028064396867542768800	0.0410132689987937273823884200	0.2100301043149518097593988500	0.0789595912679981421272642800	6.2213899292550977944236371200
prevotella sp.	0	0	0	0	0.0024125452352231604342581400	0	0.1045053413841151881096144900	0
lactobacillus agilis	0	0	0.0035995824484359814261545700	0.0022406704085862490057025100	0	0.0046673356514433735502088600	0	0.0520183104452767374115688700
porphyromonas spp.	0	0	0	0	0.0024125452352231604342581400	0.0280040139086602413012531800	0	0
fluviicola spp.	0.0401956186775641455081396100	0	0.0359958244843598142615456600	0	0	0	0	0
xanthobacter autotrophicus	0	0	0	0	0	0	0.020901068276823037621922900	0
sediminibacterium salmoneum	0	0	0	0.0033610056128793735085537600	0	0.2170311077921168700847121400	0.6456107756618671620993961900	0.0069357747260368983215425200
flavisolibacter ginsengisoli	0	0	0	0	0.0120627261761158021712907100	0	0	0
helcobacillus massiliensis	0	0.0542005420054200542005420100	0	0	0	0	0	0
roseomonas sp.	0.006699269779594024251356600	0	0.0071991648968719628523091300	0.0022406704085862490057025100	0	0	0.0023223409196470041802136600	0.1976695796920516021639617100
rhodopila spp.	0	0	0	0	0	0	0.0023223409196470041802136600	0.0069357747260368983215425200
actinomyces cardiffensis	0.006699269779594024251356600	0.0903342366757000903342366800	0	0.0011203352042931245028512500	0	0	0.109150023223409196470041800	0
levilinea saccharolytica	0	0	0	0	0	0	0.0998606595448211797491871800	0
lactobacillus gallinarum	0	0.0361336946702800361336946700	0.0359958244843598142615456600	0.0067220112257587470171075200	0.0651387213510253317249698400	0	0	0.0450825357192398390900263600
sporocytophaga spp.	0	0	0	0.0011203352042931245028512500	0.0289505428226779252110977100	0	0	0
iamia spp.	0	0	0	0	0	0.0023336678257216867751044300	0.0952159777055271713887598700	0.0034678873630184491607712600
kocuria rhizophila	0.0200978093387820727540698100	0	0	0	0	0.0396723530372686751767753400	0	0
roseomonas spp.	0	0	0	0.0011203352042931245028512500	0	0	0	0.0104036620890553474823137700
rhizobium sp.	0	0	0.0071991648968719628523091300	0.0011203352042931245028512500	0.0024125452352231604342581400	0.0560080278173204826025063600	0.3553181607059916395726892700	0.0034678873630184491607712600
williamsia muralis	0	0	0	0	0	0.0326713495601036148514620400	0	0
cupriavidus respiraculi	0	0	0	0.0011203352042931245028512500	0	0.0863457095517024106788639700	0.4435671156525777984208081700	0
geoalkalibacter spp.	0	0	0.010798747345307944278463700	0	0	0	0	0
staphylococcus epidermidis	0.7503182153145307161519394400	0.361336946702800361336946700	0.0791908138655915913754004500	0.0224067040858624900570250600	0.6948130277442702050663449900	0.1913607617091783155585633900	1.0915002322340919647004180200	0.0277430989041475932861700700
pseudomonas thermotolerans	0	0	0.0467945718296677585400093600	0.0022406704085862490057025100	0.0048250904704463208685162800	0	0.2438457965629354389224338100	0
jeotgalicoccus halotolerans	0	0.0722673893405600722673893400	0	0	0	0	0	0
anaerococcus sp.	0	0	0.010798747345307944278463700	0	0	0	0	0
methylothermus spp.	0	0	0	0	0	0	0.0185787273571760334417092400	0
alkalibacter spp.	0	0	0	0.0011203352042931245028512500	0	0.0070010034771650603253132900	0.3274500696702275894101254100	0
prevotella spp.	0	0.0542005420054200542005420100	0	0	0	0	0	0
micavibrio aeruginosavorus	0	0	0	0	0	0	0.0975383186251741755689735300	0
polynucleobacter spp.	0	0.0180668473351400180668473400	0	0	0.0989143546441495778045838400	0	0	0
thermicanus aegyptius	0.0267970791183760970054264100	0.0361336946702800361336946700	0.7127173247903243223786040800	0.0436930729674318556111988700	0.01688781664656212303980700	0.0560080278173204826025063600	7.3780771017185322805387830900	0.0381467609932029407684838400
halotalea alkalilenta	0.0870905071347223152676358300	0.1264679313459801264679313500	0	0	0	0	0	0
rhodococcus yunnanensis	0.0267970791183760970054264100	0	0	0.0022406704085862490057025100	0.0024125452352231604342581400	0.0350050173858253016265664700	0.2020436600092893636785880200	0.0104036620890553474823137700
leucobacter luti	0	0	0	0	0	0	0.0069670227589410125406409700	0
synechococcus spp.	0.006699269779594024251356600	0	0	0	0.0072376357056694813027744300	0	0	0
photobacterium phosphoreum	0	0	0	0	0	0.0396723530372686751767753400	0	0
bradyrhizobium sp.	0	0.0180668473351400180668473400	0	0	0.0024125452352231604342581400	0	0.2206223873664653971202972600	0
solobacterium moorei	0	0.0361336946702800361336946700	0	0.0011203352042931245028512500	0	0	0	0
tepidiphilus petrobacter sp.	0	0	0.010798747345307944278463700	0.0044813408171724980114050100	0.0024125452352231604342581400	0.0070010034771650603253132900	0.9126799814212726428239665600	0.0069357747260368983215425200
thiomicrospira spp.	0	0	0	0.0011203352042931245028512500	0	0	0.0534138411518810961449140700	0
sphingomonas faeni	0	0	0	0	0	0	0	0.0138715494520737966430850300
adhaeribacter spp.	0	0	0	0.0011203352042931245028512500	0	0	0	0.0069357747260368983215425200
veillonella sp.	0	0	0	0.0022406704085862490057025100	0	0.0046673356514433735502088600	0.130051091500232234091964700	0
burkholderia ubonensis	0.013398539559188048502713200	0.0722673893405600722673893400	0	0	0	0	0	0.0034678873630184491607712600
actinomadura sp.	0	0	0	0	0	0	0.0371574547143520668834184900	0
actinomyces neuii	0	0	0	0	0	0	0.041802136553646075243845800	0
virgibacillus sp.	0	0	0	0	0	0	0.1602415234556432884347422200	0
bacillus sp.	0.013398539559188048502713200	0.0180668473351400180668473400	0.0251970771390518699830819600	0.0201660336772762410513225600	0.0072376357056694813027744300	0.0140020069543301206506265900	4.7422201579191825359962842500	0.0104036620890553474823137700
daeguia caeni	0	0.0180668473351400180668473400	0.0827903963140275728015550200	0.0011203352042931245028512500	0	0.0023336678257216867751044300	0.3413841151881096144914073400	0
bacteroides dorei	0.006699269779594024251356600	0	0.0035995824484359814261545700	0.0011203352042931245028512500	0	0.0023336678257216867751044300	0.0023223409196470041802136600	0
cyanobacterium spp.	0	0	0	0	0	0	0.0116117045982350209010682800	0
hyphomicrobium facile	0.0200978093387820727540698100	0	0	0	0	0.0303376817343819280763576100	0	0
exiguobacterium panipatensis	0.006699269779594024251356600	0	0.0035995824484359814261545700	0.0011203352042931245028512500	0	0.0023336678257216867751044300	0.1764979098931723176962378100	0
sphingobium sp.	0	0	0	0.0011203352042931245028512500	0	0.1960280973606216891087722600	0.0023223409196470041802136600	0.0034678873630184491607712600
pseudomonas tuomuerense	0	0	0	0	0.0024125452352231604342581400	0.0233366782572168677510443200	0	0
dietzia spp.	0.0401956186775641455081396100	0	0.2483711889420827184046650600	0.0011203352042931245028512500	0.0506634499396863691194209900	0	0.0046446818392940083604273100	0.0069357747260368983215425200
dokdonella sp.	0	0	0	0	0	0.0140020069543301206506265900	0	0
sphingomonas sp.	0.006699269779594024251356600	0	0.021597494690615888556927400	0.0078423464300518715199587700	0.0072376357056694813027744300	1.7642528762455952019789503200	0.0441244774732930794240594500	0.0173394368150922458038562900
rhodopseudomonas palustris	0	0	0	0	0	0	0.2066883418485833720390153300	0
lewinella spp.	0	0.0180668473351400180668473400	0	0.0011203352042931245028512500	0	0.0023336678257216867751044300	0.1997213190896423594983743600	0
stenotrophomonas maltophilia	0.013398539559188048502713200	0.0361336946702800361336946700	0.010798747345307944278463700	0.0044813408171724980114050100	0.4414957780458383594692400500	0.0186693426057734942008354500	0.6781235485369252206223873700	0.0104036620890553474823137700
mycoplana sp.	0	0	0.0071991648968719628523091300	0	0	0.0466733565144337355020886300	0.2090106827682303762192289800	0
lactobacillus pentosus	0	0	0.4463482236060616968431661900	0.0011203352042931245028512500	0.0024125452352231604342581400	0	0.0394797956339990710636321400	0.0034678873630184491607712600
dechloromonas spp.	0	0	0.0251970771390518699830819600	0	0	0	0	0
mesorhizobium spp.	0	0	0	0	0.0289505428226779252110977100	0	0	0
uncultured candidatus microthrix sp.	0	0.1084010840108401084010840100	0	0	0	0	0	0
isoptericola spp.	0	0	0.0179979122421799071307728300	0	0.0024125452352231604342581400	0	0	0.0034678873630184491607712600
enterococcus villorum	0.0535941582367521940108528200	0.0542005420054200542005420100	1.994168676433533710089629600	6.5102678721473464860686317300	0.0313630880579010856453558500	0.0256703460829385545261487500	0.0603808639108221086855550400	0.0450825357192398390900263600
paracoccus denitrificans	0	0	0	0.0033610056128793735085537600	0.0024125452352231604342581400	0.6160883059905253086275699500	0	0
methylophilus spp.	0.006699269779594024251356600	0	0	0	0.0506634499396863691194209900	0	0	0
neisseria sicca	0	0.0361336946702800361336946700	0.0287966595874878514092365300	0	0	0	0	0
conexibacter spp.	0	0	0	0	0.0337756332931242460796139900	0.0046673356514433735502088600	0.0023223409196470041802136600	0
aphanothece stagnina	0	0	0	0	0	0	0.0534138411518810961449140700	0
sphingomonas caulobacter leidyia	0	0	0	0	0.0072376357056694813027744300	0.0210030104314951809759398800	0	0.0069357747260368983215425200
dokdonella spp.	0.006699269779594024251356600	0	0.0035995824484359814261545700	0.0033610056128793735085537600	0.0048250904704463208685162800	0.0046673356514433735502088600	1.0450534138411518810961449100	0.0069357747260368983215425200
deinococcus spp.	0	0	0	0	0	0	0	0.0138715494520737966430850300
clostridium spp.	0	0.0361336946702800361336946700	0.0035995824484359814261545700	0.0011203352042931245028512500	0	0.0046673356514433735502088600	0.6781235485369252206223873700	0.0034678873630184491607712600
flavisolibacter spp.	0	0	0	0.0011203352042931245028512500	0.0916767189384800965018094100	0.0140020069543301206506265900	0.4667905248490478402229447300	0
methylobacterium sp.	0	0	0	0	0	0.0116683391286084338755221600	0	0
burkholderia glathei	0.006699269779594024251356600	0.0180668473351400180668473400	0	0	0.0361881785283474065138721400	0	0.0116117045982350209010682800	0.0104036620890553474823137700
blautia producta	0	0	0	0.0011203352042931245028512500	0	0.0070010034771650603253132900	0	0
corynebacterium lipophiloflavum	0	0	0	0.0011203352042931245028512500	0.0410132689987937273823884200	0	0	0
pedomicrobium spp.	0	0	0	0	0	0	0.1695308871342313051555968400	0
aquimonas sp.	0	0	0	0.0011203352042931245028512500	0	0	0.3158383650719925685090571300	0
olsenella sp.	0	0	0	0	0	0	0.0185787273571760334417092400	0
hymenobacter spp.	0	0	0	0.0011203352042931245028512500	0	0	0.0023223409196470041802136600	0.10750450825357192398390900
adhaeribacter sp.	0	0	0	0.0011203352042931245028512500	0	0.0536743599915987958274019300	0	0
fusobacterium spp.	0	0.0722673893405600722673893400	0	0	0	0	0	0
paludibacter spp.	0.0468948884571581697594962100	0	0	0	0	0.0140020069543301206506265900	0	0
haemophilus influenzae	0.0602934280163462182622094200	0	0	0	0	0	0	0
alkalibacterium iburiense	0	0	0	0	0	0.0326713495601036148514620400	0	0
enhydrobacter aerosaccus	0.013398539559188048502713200	0.3252032520325203252032520300	0	0	0	0	0.0023223409196470041802136600	0.0173394368150922458038562900
lentzea spp.	0	0	0	0.0011203352042931245028512500	0.0361881785283474065138721400	0	0	0
cloacibacterium spp.	0	0.1084010840108401084010840100	0.4895432129872934739570209900	0.0179253632686899920456200500	0.0024125452352231604342581400	0.0046673356514433735502088600	1.1170459823502090106827682300	0.0554861978082951865723401300
blautia ruminococcus gnavus	0.0200978093387820727540698100	0	0	0	0	0	0	0
longilinea spp.	0	0	0.0071991648968719628523091300	0.0100830168386381205256612800	0	0	1.1774268462610311193683232700	0
sphingopyxis sp.	0	0	0	0.0011203352042931245028512500	0	0	0.1439851370181142591732466300	0
burkholderia spp.	0	0.0722673893405600722673893400	0	0	0	0	0.130051091500232234091964700	0
rhodoplanes spp.	0	0	0	0	0	0	0.0394797956339990710636321400	0
enterococcus mundtii	0.006699269779594024251356600	0	0.1007883085562074799323278500	0.0806641347091049642052902200	0	0	0.0023223409196470041802136600	0.0034678873630184491607712600
legionella spp.	0	0	0	0	0	0.0116683391286084338755221600	0	0
candidatus soleaferrea massiliensis	0	0	0	0.0011203352042931245028512500	0	0	0.1764979098931723176962378100	0
xanthomonas sp.	0	0	0.0863899787624635542277095900	0	0	0	0	0
haliscomenobacter spp.	0.006699269779594024251356600	0	0.0035995824484359814261545700	0	0.0024125452352231604342581400	0.0046673356514433735502088600	0.6084533209475150952159777100	0
ethanoligenens spp.	0	0.0722673893405600722673893400	0	0	0	0	0	0.0069357747260368983215425200
alkanindiges illinoisensis	0	0	0	0.0067220112257587470171075200	0	1.0338148467947072413712632100	0.0301904319554110543427775200	0.0034678873630184491607712600
pediococcus pentosaceus	0	0	0	0.0011203352042931245028512500	0	0	0	0.0138715494520737966430850300
lysobacter sp.	0.006699269779594024251356600	0	0.0035995824484359814261545700	0.0033610056128793735085537600	0.0072376357056694813027744300	0.686098340762175911880702900	0	0
blastococcus aggregatus	0	0	0	0	0	0.0070010034771650603253132900	0	0.0104036620890553474823137700
enterococcus rivorum	0	0	0.0323962420359238328353910900	0.052655754601776851634008900	0	0	0	0
devosia submarina	0	0	0	0	0	0.0070010034771650603253132900	0.0023223409196470041802136600	0.0104036620890553474823137700
ruminococcus spp.	0	0	0	0.0011203352042931245028512500	0	0	0.0139340455178820250812819300	0
salinisphaera spp.	0	0.0180668473351400180668473400	0	0	0.0024125452352231604342581400	0.0910130452031457842290728300	0	0.0208073241781106949646275500
corynebacterium diphtheriae	0.0200978093387820727540698100	0.2168021680216802168021680200	0.2447716064936467369785104900	0.0313693857202074860798350900	0.0120627261761158021712907100	0.0070010034771650603253132900	2.5731537389688806316767301400	0.0624219725343320848938826500
arthrobacter spp.	0.0535941582367521940108528200	0.1626016260162601626016260200	0.0251970771390518699830819600	0.0616184362361218476568189200	0.0193003618817852834740651400	0.1446874051947445800564747600	0.1950766372503483511379470500	3.1453738382577333888195311400
gemmobacter rhodobacter changlaii	0	0	0	0.0011203352042931245028512500	0	0.051340692165877109052297500	0	0
gemella sanguinis	0.0535941582367521940108528200	0	0.0035995824484359814261545700	0	0	0	0	0
corynebacterium tuberculostearicum	0.1071883164735043880217056300	0.1084010840108401084010840100	0.0539937367265397213923184900	0.0033610056128793735085537600	0.0072376357056694813027744300	0.1050150521574759048796994200	0.9428704133766836971667440800	0.0069357747260368983215425200
levilinea spp.	0	0	0	0	0	0	0.1021830004644681839294008400	0
microbacterium sediminicola	0	0	0	0	0	0.0023336678257216867751044300	0.0162563864375290292614955900	0
cyanothece spp.	0	0	0.0035995824484359814261545700	0	0.0386007237635705669481302800	0	0	0
siphonobacter sp.	0.0334963488979701212567830100	0	0	0	0	0	0	0
haemophilus parainfluenzae	0.006699269779594024251356600	0	0	0	0	0.0116683391286084338755221600	0	0
hymenobacter xinjiangensis	0	0	0	0	0	0	0	0.0208073241781106949646275500
hyphomicrobium spp.	0	0	0.0035995824484359814261545700	0.0022406704085862490057025100	0	0	0.2508128193218764514630747800	0.0034678873630184491607712600
atopostipes sp.	0.0200978093387820727540698100	0.0180668473351400180668473400	0.0719916489687196285230913200	0.0033610056128793735085537600	0.1109770808202653799758745500	0.1306853982404144594058481700	0.088248954946586158848118900	0
enterococcus cecorum	0.301467140081731091311047100	0.3432700993676603432700993700	6.6232317051222058241244015700	8.021600062738771440414972160	0.1809408926417370325693606800	0.044339688688712048726984200	10.459823502090106827682303760	0.065889859897350534054653900
erythrobacter sp.	0	0	0.0035995824484359814261545700	0.0044813408171724980114050100	0	0.0046673356514433735502088600	0.1997213190896423594983743600	0
acinetobacter junii	0.0736919675755342667649226200	0.1264679313459801264679313500	0.0035995824484359814261545700	0.0033610056128793735085537600	0.3377563329312424607961399300	0	0.1672085462145843009753831900	0.0312109862671660424469413200
anaerobiospirillum succiniciproducens	0	0	0	0	0	0.0186693426057734942008354500	0	0
skermanella sp.	0	0	0	0.0044813408171724980114050100	0	0.0093346713028867471004177300	0.0046446818392940083604273100	0.2739631016784574837009293900
coprothermobacter proteolyticus	0	0	0.010798747345307944278463700	0	0	0	0	0
thermus thiopara	0	0	0	0	0	0	0.0092893636785880167208546200	0
halothiobacillus neapolitanus	0	0	0.0035995824484359814261545700	0.0011203352042931245028512500	0	0	0.1672085462145843009753831900	0
aminobacter niigataensis	0.0736919675755342667649226200	0	0	0	0	0.0420060208629903619518797700	0.0928936367858801672085462100	0
modestobacter sp.	0	0.0180668473351400180668473400	0	0.0078423464300518715199587700	0	0.0023336678257216867751044300	0.0069670227589410125406409700	0.3155777500346788736301844900
moorella spp.	0	0	0	0.0022406704085862490057025100	0	0	0.1114723641430562006502554600	0
klebsiella spp.	0.0200978093387820727540698100	0.0722673893405600722673893400	0	0.0056016760214656225142562700	0.0868516284680337756332931200	0.0046673356514433735502088600	0.0534138411518810961449140700	0
altererythrobacter sp.	0.006699269779594024251356600	0	0	0	0	0	0.2090106827682303762192289800	0
knoellia sinensis	0	0.0180668473351400180668473400	0.0071991648968719628523091300	0	0	0.0210030104314951809759398800	0	0.0034678873630184491607712600
verrucomicrobium spp.	0	0	0.0251970771390518699830819600	0	0	0.0186693426057734942008354500	0	0
atopostipes spp.	0.013398539559188048502713200	0.1445347786811201445347786800	0.1727799575249271084554191700	0.0112033520429312450285125300	0.5114595898673100120627261800	0.0700100347716506032531329500	0.1230840687412912215513237300	0.0069357747260368983215425200
bdellovibrio sp.	0	0	0	0.0011203352042931245028512500	0	0.0093346713028867471004177300	0.0905712958662331630283325600	0
rothia aeria	0.0535941582367521940108528200	0	0	0	0.0989143546441495778045838400	0.0093346713028867471004177300	0	0.0034678873630184491607712600
anoxybacillus tunensis	0.013398539559188048502713200	0.0361336946702800361336946700	0.2951657607717504769446744200	0.0504150841931906026283063900	0.1302774427020506634499396900	0.0093346713028867471004177300	3.1630283325592196934509986100	0.0589540851713136357331113900
rubrobacter spp.	0	0	0	0	0	0	0.0441244774732930794240594500	0
bacteroides spp.	0	0	0.0035995824484359814261545700	0	0	0	0.1346957733395262424523920100	0
massilia timonae	0.5359415823675219401085281700	0.9033423667570009033423667600	0.2699686836326986069615924600	0.3148141924063679853012021200	0.535585042219541616405307600	0.4667335651443373550208863300	0.2670692057594054807245703700	66.267859619919545013177971980
desulfobacula spp.	0	0	0	0	0	0.0396723530372686751767753400	0	0
agrobacterium sp.	0	0	0	0	0	0.1983617651863433758838766900	0	0
xylella spp.	0	0	0	0	0	0.0116683391286084338755221600	0	0
elizabethkingia meningoseptica	0	0	0	0	0	0	0.0116117045982350209010682800	0
sphingomonas wittichii	0	0	0	0	0	0.0070010034771650603253132900	0	0
enterococcus sp.	0.0602934280163462182622094200	0.0542005420054200542005420100	0.3707569921889060868939203100	0.4727814562116985402032288100	0.0434258142340168878166465600	0.0233366782572168677510443200	0.0348351137947050627032048300	0.0242752115411291441253988100
empedobacter sp.	0	0.0180668473351400180668473400	0.201576617112414959864655700	0.0112033520429312450285125300	0.0193003618817852834740651400	0.0280040139086602413012531800	3.1444496052020436600092893600	0
ilumatobacter spp.	0	0	0	0	0	0	0.0557361820715281003251277300	0
luteimonas sp.	0	0	0.0395954069327957956877002300	0	0	0.0023336678257216867751044300	0	0
dehalococcoides spp.	0	0	0	0.0011203352042931245028512500	0	0	0.0371574547143520668834184900	0
ralstonia spp.	0	0	0	0.0011203352042931245028512500	0	0	0	0.0589540851713136357331113900
pseudomonas stutzeri	0.3952569169960474308300395300	0.4155374887082204155374887100	0.2519707713905186998308196200	0.3338598908793511018496734200	0.2316043425814234016887816600	81.59669552635877809152645212	0.281003251277287505805852300	0.4126785961991954501317797200
prevotella melaninogenica	0	0	0	0	0	0.0093346713028867471004177300	0	0
corynebacterium appendicis	0.006699269779594024251356600	0	0	0	0	0.0303376817343819280763576100	0	0
ohtaekwangia spp.	0	0	0.1727799575249271084554191700	0	0	0	0	0
desulfuromonas svalbardensis	0	0	0	0.0011203352042931245028512500	0	0.0023336678257216867751044300	0.1114723641430562006502554600	0
sphingobacterium sp.	0	0	0.0431949893812317771138547900	0.0022406704085862490057025100	0.0024125452352231604342581400	0.0046673356514433735502088600	0.8453320947515095215977705500	0
pseudomonas oryzihabitans	0	0	0	0.0022406704085862490057025100	0	0	0.1254064096609382257315373900	0
halospirulina sp.	0.0401956186775641455081396100	0.3432700993676603432700993700	0.0179979122421799071307728300	0.0280083801073281125712813300	4.5307599517490952955367913100	0.3803878555926349443420223600	0.0301904319554110543427775200	0.703981134692745179636565400
reyranella spp.	0	0	0	0.0011203352042931245028512500	0.0024125452352231604342581400	0.0163356747800518074257310200	0.4876915931258708778448676300	0
pseudomonas spp.	0	0	0	0.0022406704085862490057025100	0	0.0023336678257216867751044300	0.2275894101254064096609382300	0
proteiniphilum acetatigenes	0.0267970791183760970054264100	0	0.021597494690615888556927400	0.0123236872472243695313637800	0	0.0070010034771650603253132900	1.8810961449140733859730608500	0
pelistega europaea	0.006699269779594024251356600	0	0	0	0	0	0	0.0069357747260368983215425200
streptococcus salivarius	0.0669926977959402425135660200	0.5058717253839205058717253800	0.2843670134264425326662107200	0.0056016760214656225142562700	0.0965018094089264173703256900	0.088679377377424097453968400	0.7222480260102183000464468200	0.0450825357192398390900263600
acidovorax delafieldii	0.0468948884571581697594962100	0	0.1763795399733630898815737400	0.0044813408171724980114050100	0.0048250904704463208685162800	0.4784019042729457888964084900	0.0116117045982350209010682800	0.0034678873630184491607712600
bellilinea spp.	0	0	0.0035995824484359814261545700	0.0022406704085862490057025100	0.0048250904704463208685162800	0.0023336678257216867751044300	0.4575011611704598235020901100	0
sphingomonas spp.	0	0.0180668473351400180668473400	0	0	0.0386007237635705669481302800	0.1096823878089192784299082900	0	0.0034678873630184491607712600
kaistobacter spp.	0	0.0542005420054200542005420100	0	0.0011203352042931245028512500	0.1230398069963811821471652600	0	0	0
geodermatophilus spp.	0	0	0	0	0	0.0163356747800518074257310200	0.0023223409196470041802136600	0
flavobacterium spp.	0	0	0	0	0	0.0093346713028867471004177300	0	0
cytophaga spp.	0	0	0.0035995824484359814261545700	0.0011203352042931245028512500	0.0024125452352231604342581400	0.0093346713028867471004177300	0.4342777519739897816999535500	0
