identity	1.Nezara.viridula.Infected.Fat.Body	2.Nezara.viridula.Infected.Ovary	3.Nezara.viridula.Infected.Spermatheca	4.Nezara.viridula.Infected.Egg	5.Nezara.viridula.Clean.Fat.Body	6.Nezara.viridula.Clean.Ovary	7.Nezara.viridula.Clean.Spermatheca	8.Nezara.viridula.Clean.Egg	
rhodocista	0	0	0	0	0	0.133019066066136146180952600	0	0
planctomyces	0	0	0	0	0	0	0.0814844131958186855400088500	0
candidatus alysiosphaera	0.006699269779594024251356600	0	0	0	0	0	0	0.0624219725343320848938826500
atopostipes sp.	0.0200978093387820727540698100	0.0180668473351400180668473400	0.0719942404607631389488840900	0.0033610809236250378121603900	0.1109770808202653799758745500	0.1306853982404144594058481700	0.0884687914697460014434381800	0
microbacterium sediminicola	0	0	0	0	0	0.0023336678257216867751044300	0.0162968826391637371080017700	0
fusobacteriaceae	0	0.0722673893405600722673893400	0	0	0	0	0	0
alloscardovia omnicolens	0	0	0	0	0	0.0210030104314951809759398800	0	0
rothia aeria	0.0535941582367521940108528200	0	0	0	0.0989143546441495778045838400	0.0093346713028867471004177300	0	0.0034678873630184491607712600
haliscomenobacter	0	0	0.003599712023038156947444200	0	0	0	0.1676250785742555816823039100	0
knoellia sinensis	0	0.0180668473351400180668473400	0.0071994240460763138948884100	0	0	0.0210030104314951809759398800	0	0.0034678873630184491607712600
alcanivorax dieselolei	0	0	0	0	0	0.0420060208629903619518797700	0	0
pseudomonas stutzeri	0.3818583774368593823273263200	0.4155374887082204155374887100	0.241180705543556515478761700	0.317061967128628566947130200	0.2316043425814234016887816600	80.84758815430211663671792957	0.2723907526831653202337438600	0.405742821473158551810237200
pseudomonas thermotolerans	0	0	0.0467962562994960403167746600	0.0022407206157500252081069300	0.0048250904704463208685162800	0	0.2444532395874560566200265400	0
crocinitomix	0	0	0	0	0	0	0.0372500174609456848182897600	0
porphyromonadaceae	0.0468948884571581697594962100	0	0	0	0	0.0140020069543301206506265900	0	0
agrobacterium sp.	0	0	0	0	0	0.1983617651863433758838766900	0	0
gemmatimonas	0.006699269779594024251356600	0	0.003599712023038156947444200	0.0011203603078750126040534600	0.0723763570566948130277442700	0	0	0
dietzia maris	0.006699269779594024251356600	0	0	0.0022407206157500252081069300	0	0	0.0419062696435638954205759800	0.0138715494520737966430850300
ruminococcus	0	0.0180668473351400180668473400	0	0.0112036030787501260405346400	0.0096501809408926417370325700	0.0046673356514433735502088600	1.7321258119339743440504737700	0.0069357747260368983215425200
roseomonas sp.	0.006699269779594024251356600	0	0.0071994240460763138948884100	0.0022407206157500252081069300	0	0	0.0023281260913091053011431100	0.1976695796920516021639617100
roseovarius sp.	0	0	0	0	0	0.0396723530372686751767753400	0	0
myxococcales	0	0	0	0	0	0	0.1746094568481828975857332400	0
actinomyces cardiffensis	0.006699269779594024251356600	0.0903342366757000903342366800	0	0.0011203603078750126040534600	0	0	0.1094219262915279491537261700	0
dokdonella	0	0	0	0	0	0	0.0162968826391637371080017700	0.0034678873630184491607712600
altererythrobacter	0.006699269779594024251356600	0	0	0	0	0	0.2095313482178194771028798900	0
pseudomonas	0.013398539559188048502713200	0	0.0107991360691144708423326100	0.0190461252338752142689088800	0	0.6020862990361951879769433600	0.2374688613135287407165972100	0.0069357747260368983215425200
olsenella sp.	0	0	0	0	0	0	0.0186250087304728424091448800	0
conexibacteraceae	0	0	0	0	0.0337756332931242460796139900	0	0	0
bdellovibrionaceae	0	0	0	0.0011203603078750126040534600	0	0	0.0907969175610551067445812900	0
hyphomicrobium facile	0.0200978093387820727540698100	0	0	0	0	0.0303376817343819280763576100	0	0
acetobacteraceae	0	0	0	0.0011203603078750126040534600	0	0	0	0.0104036620890553474823137700
clostridium	0	0.0361336946702800361336946700	0	0.0011203603078750126040534600	0	0	0	0
klebsiella	0.0200978093387820727540698100	0.0722673893405600722673893400	0	0.0056018015393750630202673200	0.0868516284680337756332931200	0.0046673356514433735502088600	0.0535469001001094219262915300	0
syntrophomonas spp.	0	0	0.0431965442764578833693304500	0	0	0	0	0
pseudomonas oryzihabitans	0	0	0	0.0022407206157500252081069300	0	0	0.1257188089306916862617279400	0
xylella	0	0	0	0	0	0.0116683391286084338755221600	0	0
massilia timonae	0.5359415823675219401085281700	0.8852755194218608852755194200	0.2699784017278617710583153300	0.3137008862050035291349698100	0.535585042219541616405307600	0.4667335651443373550208863300	0.2677345005005471096314576400	65.948813982521847690387016230
bacteroides dorei	0.006699269779594024251356600	0	0.003599712023038156947444200	0.0011203603078750126040534600	0	0.0023336678257216867751044300	0.0023281260913091053011431100	0
halomonas xinjiangensis	0.0200978093387820727540698100	0.0722673893405600722673893400	0.2123830093592512598992080600	0.0033610809236250378121603900	0.1712907117008443908323281100	0.0793447060745373503535506800	0.142015691569855423369729700	0
saprospiraceae	0	0.0180668473351400180668473400	0	0.0011203603078750126040534600	0	0.0023336678257216867751044300	0.2002188438525830558983074500	0
clostridiales	0	0	0	0.0011203603078750126040534600	0	0.0093346713028867471004177300	0.6029846576490582729960654700	0.0034678873630184491607712600
leucobacter luti	0	0	0	0	0	0	0.0069843782739273159034293300	0
haemophilus parainfluenzae	0.006699269779594024251356600	0	0	0	0	0.0116683391286084338755221600	0	0
prevotella spp.	0	0.0542005420054200542005420100	0	0	0	0	0	0
xanthomonas sp.	0	0	0.0287976961843052555795536400	0	0	0	0	0
kofleriaceae	0	0	0	0	0	0	0	0.0104036620890553474823137700
burkholderia spp.	0	0	0	0	0	0	0.1303750611133098968640141600	0
streptococcus sanguinis	0.314865679640919139813760300	0.0180668473351400180668473400	0.1295896328293736501079913600	0.0022407206157500252081069300	0.1640530759951749095295536800	0.1610230799747963874822057800	0.0745000349218913696365795200	0
pelobacter spp.	0	0	0	0	0	0	0.0069843782739273159034293300	0
sphingomonas sp.	0.006699269779594024251356600	0	0.0215982721382289416846652300	0.0078425221551250882283742500	0.0072376357056694813027744300	1.7642528762455952019789503200	0.0442343957348730007217190900	0.0173394368150922458038562900
uncultured candidatus competibacter sp.	0	0	0	0	0	0	0.1210625567480734756594417200	0
enterococcus villorum	0.0535941582367521940108528200	0.0542005420054200542005420100	1.9582433405327573794096472300	6.4734418589018228262209126500	0.0313630880579010856453558500	0.0256703460829385545261487500	0.0582031522827276325285777500	0.0450825357192398390900263600
geodermatophilus spp.	0	0	0	0	0	0.0163356747800518074257310200	0.0023281260913091053011431100	0
sphingomonas faeni	0	0	0	0	0	0	0	0.0138715494520737966430850300
planctomycetaceae	0	0	0	0.0011203603078750126040534600	0	0	0.0977812958349824226480106200	0
blautia producta	0	0	0	0.0011203603078750126040534600	0	0.0070010034771650603253132900	0	0
sporocytophaga spp.	0	0	0	0.0011203603078750126040534600	0.0289505428226779252110977100	0	0	0
veillonella sp.	0	0	0	0.0022407206157500252081069300	0	0.0046673356514433735502088600	0.1303750611133098968640141600	0
acidovorax avenae	0.006699269779594024251356600	0.0180668473351400180668473400	0.0179985601151907847372210200	0.0022407206157500252081069300	0.0072376357056694813027744300	0.3290471634267578352897248600	0.5331408749097851139617721700	0.0069357747260368983215425200
levilinea spp.	0	0	0	0	0	0	0.1024375480176006332502968400	0
tepidimonas spp.	0.0334963488979701212567830100	0.0903342366757000903342366800	0.1331893448524118070554355700	0.0022407206157500252081069300	0.01688781664656212303980700	0.0210030104314951809759398800	0.9289223104323330151561008500	0
lactobacillus pentosus	0	0	0.4463642908567314614830813500	0.0011203603078750126040534600	0.0024125452352231604342581400	0	0.0395781435522547901194328700	0.0034678873630184491607712600
alkalibacterium thalassios	0	0	0	0.0022407206157500252081069300	0	0	0.2281563569482923195120247700	0
deinococcus spp.	0	0	0	0	0	0	0	0.0138715494520737966430850300
pseudomonas tuomuerense	0	0	0	0	0.0024125452352231604342581400	0.0233366782572168677510443200	0	0
massilia	0	0	0	0	0	0	0	0.041614648356221389929255100
corynebacterium diphtheriae	0.0200978093387820727540698100	0.2168021680216802168021680200	0.244780417566594672426205900	0.0313700886205003529134969800	0.0120627261761158021712907100	0.0070010034771650603253132900	2.5795637091704886736665657800	0.0624219725343320848938826500
solobacterium moorei	0	0.0361336946702800361336946700	0	0.0011203603078750126040534600	0	0	0	0
salmonella enterica	49.253031419575266295973738860	55.718157181571815718157181570	0.1151907847372210223182145400	0.1378043178686265502985760200	1.1749095295536791314837153200	0.3570511773354180765909780400	0.1583125742090191604777314700	0.1595228186988486613954778700
tepidiphilus petrobacter sp.	0	0	0.0107991360691144708423326100	0.0044814412315000504162138500	0.0024125452352231604342581400	0.0070010034771650603253132900	0.9149535538844783833492421900	0.0069357747260368983215425200
lysobacter sp.	0.006699269779594024251356600	0	0.003599712023038156947444200	0.0033610809236250378121603900	0.0072376357056694813027744300	0.686098340762175911880702900	0	0
pediococcus pentosaceus	0	0	0	0.0011203603078750126040534600	0	0	0	0.0138715494520737966430850300
enterococcus sp.	0.0602934280163462182622094200	0.0542005420054200542005420100	0.3707703383729301655867530600	0.4727920499232553189105616400	0.0434258142340168878166465600	0.0233366782572168677510443200	0.0349218913696365795171466500	0.0242752115411291441253988100
anaerolineales	0	0	0	0.0011203603078750126040534600	0	0	0.0535469001001094219262915300	0
peptoniphilus asaccharolyticus	0.0401956186775641455081396100	0	0	0	0.1326899879372738238841978300	0.0093346713028867471004177300	0	0
ohtaekwangia spp.	0	0	0.1727861771058315334773218100	0	0	0	0	0
helcobacillus massiliensis	0	0.0542005420054200542005420100	0	0	0	0	0	0
chloroflexus spp.	0	0	0.0359971202303815694744420400	0.0011203603078750126040534600	0.0265379975874547647768395700	0.0210030104314951809759398800	0	0
cyanobacterium spp.	0	0	0	0	0	0	0.0116406304565455265057155500	0
brachybacterium arcticum	0	0	0	0.0011203603078750126040534600	0	0.0233366782572168677510443200	0.1047656741089097385514399500	0.0138715494520737966430850300
sphingomonas wittichii	0	0	0	0	0	0.0070010034771650603253132900	0	0
sphingobium sp.	0	0	0	0.0011203603078750126040534600	0	0.1960280973606216891087722600	0.0023281260913091053011431100	0.0034678873630184491607712600
acinetobacter towneri	0.0535941582367521940108528200	0.1264679313459801264679313500	0.0071994240460763138948884100	0.0044814412315000504162138500	0.4607961399276236429433051900	0.0490070243401554222771930600	0.2491094917700742672223127600	0.0069357747260368983215425200
thermomonas fusca	0	0.1264679313459801264679313500	0	0	0	0	0	0
acidobacterium spp.	0	0	0	0	0	0	0	0.0138715494520737966430850300
burkholderia	0	0.0722673893405600722673893400	0	0	0	0	0	0
frigoribacterium sp.	0.006699269779594024251356600	0	0	0.0022407206157500252081069300	0.0048250904704463208685162800	0.0140020069543301206506265900	0.0116406304565455265057155500	0.083229296712442779858510200
alkanindiges illinoisensis	0	0	0	0.0067221618472500756243207800	0	1.0338148467947072413712632100	0.0302656391870183689148604300	0.0034678873630184491607712600
mycoplana sp.	0	0	0.0071994240460763138948884100	0	0	0.0466733565144337355020886300	0.2095313482178194771028798900	0
anaerobiospirillum	0	0	0	0	0	0.0186693426057734942008354500	0	0
lentzea spp.	0	0	0	0.0011203603078750126040534600	0.0361881785283474065138721400	0	0	0
actinomadura sp.	0	0	0	0	0	0	0.0372500174609456848182897600	0
acidovorax delafieldii	0.0468948884571581697594962100	0	0.1763858891288696904247660200	0.0044814412315000504162138500	0.0048250904704463208685162800	0.4784019042729457888964084900	0.0116406304565455265057155500	0.0034678873630184491607712600
enterobacteriaceae	0.1473839351510685335298452500	0.361336946702800361336946700	0	0.0022407206157500252081069300	0.2074788902291917973462002400	0.0140020069543301206506265900	0.0628594044653458431308639700	0.0034678873630184491607712600
methylophilus spp.	0.006699269779594024251356600	0	0	0	0.0506634499396863691194209900	0	0	0
rhodopseudomonas spp.	0	0	0	0	0.0265379975874547647768395700	0	0	0
rhodoplanes	0	0	0	0	0	0	0.0395781435522547901194328700	0
sphingomonas	0	0.0180668473351400180668473400	0	0	0.0386007237635705669481302800	0.051340692165877109052297500	0	0.0034678873630184491607712600
clostridiaceae	0	0	0.003599712023038156947444200	0	0	0	0.2980001396875654785463180700	0
stenotrophomonas maltophilia	0.013398539559188048502713200	0.0361336946702800361336946700	0.0107991360691144708423326100	0.0044814412315000504162138500	0.4414957780458383594692400500	0.0186693426057734942008354500	0.6798128186622587479337880900	0.0104036620890553474823137700
siphonobacter sp.	0.0334963488979701212567830100	0	0	0	0	0	0	0
acidobacteria	0	0	0	0	0	0	0.0651875305566549484320070800	0
thiorhodospira	0	0	0	0	0	0	0.0256093870044001583125742100	0
corynebacterium glucuronolyticum	0	0	0	0	0	0.0093346713028867471004177300	0	0
uncultured candidatus microthrix sp.	0	0.1084010840108401084010840100	0	0	0	0	0	0
thermomonas spp.	0	0	0	0.0011203603078750126040534600	0	0.0023336678257216867751044300	0.2910157614136381626428887400	0
rufibacter sp.	0	0	0.1475881929445644348452123800	0	0	0	0	0
rhizobium sp.	0	0	0.0071994240460763138948884100	0.0011203603078750126040534600	0.0024125452352231604342581400	0.0560080278173204826025063600	0.3562032919702931110748958200	0.0034678873630184491607712600
blautia ruminococcus gnavus	0.0200978093387820727540698100	0	0	0	0	0	0	0
desulfobacteraceae	0	0	0	0	0	0.0396723530372686751767753400	0	0
daeguia caeni	0	0.0180668473351400180668473400	0.082793376529877609791216700	0.0011203603078750126040534600	0	0.0023336678257216867751044300	0.3422345354224384792680371600	0
prevotella sp.	0	0	0	0	0.0024125452352231604342581400	0	0.1047656741089097385514399500	0
ruminococcaceae	0	0	0	0.0011203603078750126040534600	0	0	0.0139687565478546318068586600	0
porphyromonas spp.	0	0	0	0	0.0024125452352231604342581400	0.0280040139086602413012531800	0	0
pedosphaera spp.	0	0	0	0	0	0	0	0.0554861978082951865723401300
sediminibacterium salmoneum	0	0	0	0.0033610809236250378121603900	0	0.2170311077921168700847121400	0.6472190533839312737177845600	0.0069357747260368983215425200
rhizobium mongolense	0	0	0	0	0.0024125452352231604342581400	0.0210030104314951809759398800	0	0
chelatococcus sp.	0	0	0.0107991360691144708423326100	0	0	0	0	0
streptococcus salivarius	0.0669926977959402425135660200	0.5058717253839205058717253800	0.2843772498200143988480921500	0.0056018015393750630202673200	0.0965018094089264173703256900	0.088679377377424097453968400	0.7240472143971317486555071800	0.0450825357192398390900263600
staphylococcus epidermidis	0.7503182153145307161519394400	0.361336946702800361336946700	0.079193664506839452843772500	0.0224072061575002520810692700	0.6948130277442702050663449900	0.1913607617091783155585633900	1.0942192629152794915372616600	0.0277430989041475932861700700
exiguobacterium panipatensis	0.006699269779594024251356600	0	0.003599712023038156947444200	0.0011203603078750126040534600	0	0.0023336678257216867751044300	0.1769375829394920028868763500	0
anaerococcus sp.	0	0	0.0107991360691144708423326100	0	0	0	0	0
methylobacterium	0	0	0	0.0011203603078750126040534600	0.0024125452352231604342581400	0	0.0046562521826182106022862200	0.0936329588014981273408239700
enhydrobacter aerosaccus	0.013398539559188048502713200	0.3252032520325203252032520300	0	0	0	0	0.0023281260913091053011431100	0.0173394368150922458038562900
pelistega europaea	0.006699269779594024251356600	0	0	0	0	0	0	0.0069357747260368983215425200
lactobacillus agilis	0	0	0.003599712023038156947444200	0.0022407206157500252081069300	0	0.0046673356514433735502088600	0	0.0520183104452767374115688700
chloroflexales	0	0	0.003599712023038156947444200	0	0	0.0023336678257216867751044300	0.1978907177612739505971643400	0
dokdonella sp.	0	0	0	0	0	0.0140020069543301206506265900	0	0
hymenobacter xinjiangensis	0	0	0	0	0	0	0	0.0208073241781106949646275500
xanthobacteraceae	0	0	0	0	0	0	0.0209531348217819477102879900	0
flavisolibacter ginsengisoli	0	0	0	0	0.0120627261761158021712907100	0	0	0
erythrobacter sp.	0	0	0.003599712023038156947444200	0.0044814412315000504162138500	0	0.0046673356514433735502088600	0.2002188438525830558983074500	0
enterococcus faecium	0.0200978093387820727540698100	0.0180668473351400180668473400	0.1511879049676025917926565900	0.1534893621788767267553245100	0	0	0	0
nocardioides spp.	0	0	0	0	0	0.0140020069543301206506265900	0	0
bradyrhizobium sp.	0	0.0180668473351400180668473400	0	0	0.0024125452352231604342581400	0	0.2211719786743650036085954400	0
rubellimicrobium	0	0.0180668473351400180668473400	0	0	0	0.0326713495601036148514620400	0	0
sphingomonas spp.	0	0	0	0	0	0.0583416956430421693776107900	0	0
actinomyces	0	0.0542005420054200542005420100	0.0071994240460763138948884100	0.0067221618472500756243207800	0.0048250904704463208685162800	0.0023336678257216867751044300	0.7543128535841501175703676100	0.0034678873630184491607712600
aquabacterium spp.	0.0200978093387820727540698100	0.0722673893405600722673893400	0.0575953923686105111591072700	0.0100832427708751134364811700	0.0723763570566948130277442700	2.5180275839537000303376817300	0.2863595092310199520406025200	0.0242752115411291441253988100
aridibacter	0	0	0.003599712023038156947444200	0.0022407206157500252081069300	0	0	0.5540940097315670616720601600	0
bdellovibrio	0	0	0	0	0	0.0093346713028867471004177300	0	0
bellilinea spp.	0	0	0.003599712023038156947444200	0.0011203603078750126040534600	0.0048250904704463208685162800	0.0023336678257216867751044300	0.4050939398877843223989011200	0
novosphingobium subarcticum	0	0	0	0.0011203603078750126040534600	0.0024125452352231604342581400	0.0583416956430421693776107900	0.3725001746094568481828975900	0
levilinea saccharolytica	0	0	0	0	0	0	0.1001094219262915279491537300	0
dolosigranulum pigrum	0	0.0180668473351400180668473400	0	0	0	0	0	0.0242752115411291441253988100
reyranella spp.	0	0	0	0.0011203603078750126040534600	0.0024125452352231604342581400	0.0163356747800518074257310200	0.4889064791749121132400530800	0
haemophilus influenzae	0.0602934280163462182622094200	0	0	0	0	0	0	0
jeotgalicoccus halotolerans	0	0.0722673893405600722673893400	0	0	0	0	0	0
methylobacterium sp.	0	0	0	0	0	0.0116683391286084338755221600	0	0
moorella spp.	0	0	0	0.0022407206157500252081069300	0	0	0.1117500523828370544548692800	0
actinomyces johnsonii	0.013398539559188048502713200	0	0.003599712023038156947444200	0	0.0096501809408926417370325700	0.0046673356514433735502088600	0.0721719088305822643354364100	0
lactobacillus gallinarum	0	0.0361336946702800361336946700	0.0359971202303815694744420400	0.0067221618472500756243207800	0.0651387213510253317249698400	0	0	0.0450825357192398390900263600
nocardioides caeni	0.013398539559188048502713200	0	0	0	0.0024125452352231604342581400	0	0	0
thermoactinomycetaceae	0	0.1445347786811201445347786800	0	0	0	0	0	0
burkholderiaceae	0.006699269779594024251356600	0.0180668473351400180668473400	0	0	0.0361881785283474065138721400	0	0.0116406304565455265057155500	0.0104036620890553474823137700
pseudomonas putida	0.0267970791183760970054264100	0.0903342366757000903342366800	0	0.0067221618472500756243207800	0.2702050663449939686369119400	0.1423537373690228932813703300	0.5983284054664400623937792500	0.0624219725343320848938826500
salinisphaera spp.	0	0.0180668473351400180668473400	0	0	0.0024125452352231604342581400	0.0910130452031457842290728300	0	0.0208073241781106949646275500
bifidobacterium thermophilum	0	0.0722673893405600722673893400	0.082793376529877609791216700	0.0078425221551250882283742500	0.0579010856453558504221954200	0.0256703460829385545261487500	1.7577351989383745023630479800	0.0069357747260368983215425200
sphingopyxis sp.	0	0	0	0.0011203603078750126040534600	0	0	0.1443438176611645286708728100	0
corynebacterium kroppenstedtii	0	0.0542005420054200542005420100	0.003599712023038156947444200	0	0.0434258142340168878166465600	0	0	0
terrimonas spp.	0	0	0	0	0.0024125452352231604342581400	0	0.1839219612134193187903056800	0
cryomorphaceae	0.0401956186775641455081396100	0	0	0.0033610809236250378121603900	0	0	0.1699532046655646869834470200	0
xanthomonas	0	0	0.0575953923686105111591072700	0	0	0	0	0
flavisolibacter spp.	0	0	0	0.0011203603078750126040534600	0.0916767189384800965018094100	0	0.4679533443531301655297650900	0
eubacterium spp.	0	0	0	0	0.0289505428226779252110977100	0	0	0
photobacterium phosphoreum	0	0	0	0	0	0.0396723530372686751767753400	0	0
alkalibacterium iburiense	0	0	0	0	0	0.0326713495601036148514620400	0	0
blastococcus aggregatus	0	0	0	0	0	0.0070010034771650603253132900	0	0.0104036620890553474823137700
desulfuromonadales	0	0	0	0.0011203603078750126040534600	0	0.0023336678257216867751044300	0.1443438176611645286708728100	0
cytophaga spp.	0	0	0.003599712023038156947444200	0	0.0024125452352231604342581400	0	0.2467813656787651619211696500	0
enterococcaceae	0.0200978093387820727540698100	0	0.3707703383729301655867530600	0.4638291674602552180781339300	0	0.0023336678257216867751044300	0.0023281260913091053011431100	0
williamsia muralis	0	0	0	0	0	0.0326713495601036148514620400	0	0
gammaproteobacteria	0	0	0	0.0011203603078750126040534600	0	0	0.0721719088305822643354364100	0
pseudomonadaceae	0	0	0	0	0	0.1493547408461879536066836200	0	0
pantoea	0.6096335499430562068734507900	0.4155374887082204155374887100	0.003599712023038156947444200	0.012323963386625138644588100	1.3244873341375150784077201400	0.0630090312944855429278196500	0.374828300700765953484040700	0.041614648356221389929255100
cryocola spp.	0.006699269779594024251356600	0.0180668473351400180668473400	0.0359971202303815694744420400	0.0044814412315000504162138500	0.0072376357056694813027744300	0	0.5820315228272763252857774800	0.0589540851713136357331113900
isoptericola spp.	0	0	0.0179985601151907847372210200	0	0.0024125452352231604342581400	0	0	0.0034678873630184491607712600
prosthecobacter debontii	0	0	0	0	0	0.0093346713028867471004177300	0	0
skermanella sp.	0	0	0	0.0044814412315000504162138500	0	0.0093346713028867471004177300	0.0046562521826182106022862200	0.2739631016784574837009293900
variovorax paradoxus	0.0468948884571581697594962100	0.0903342366757000903342366800	0.0359971202303815694744420400	0.0168054046181251890608019500	0.0410132689987937273823884200	0.2100301043149518097593988500	0.0791562871045095802388657400	6.2213899292550977944236371200
pseudoxanthomonas taiwanensis	0.013398539559188048502713200	0.0180668473351400180668473400	0.0575953923686105111591072700	0.0022407206157500252081069300	0.0120627261761158021712907100	0.0070010034771650603253132900	1.1687192978371708611738411800	0.0069357747260368983215425200
dokdonella spp.	0.006699269779594024251356600	0	0.003599712023038156947444200	0.0033610809236250378121603900	0.0048250904704463208685162800	0.0046673356514433735502088600	1.0313598584499336484063976900	0.0034678873630184491607712600
hyphomicrobium spp.	0	0	0.003599712023038156947444200	0.0022407206157500252081069300	0	0	0.2514376178613833725234558700	0.0034678873630184491607712600
paracoccus denitrificans	0	0	0	0.0033610809236250378121603900	0.0024125452352231604342581400	0.6160883059905253086275699500	0	0
enterococcus faecalis	3.4769210156092985864540765100	2.0776874435411020776874435400	82.95536357091432685385169186	81.20595583539666356700314821	0.6272617611580217129071170100	0.3523838416839747030407691800	0.7659534840406956440760831600	0.447357469829379941739492300
candidatus soleaferrea	0	0	0	0.0011203603078750126040534600	0	0	0.1769375829394920028868763500	0
verrucomicrobium	0	0	0.0251979841612670986321094300	0	0	0	0	0
mesorhizobium septentrionale	0	0	0	0	0	0.0116683391286084338755221600	0	0
burkholderia ubonensis	0.013398539559188048502713200	0.0722673893405600722673893400	0	0	0	0	0	0.0034678873630184491607712600
adhaeribacter sp.	0	0	0	0.0011203603078750126040534600	0	0.0536743599915987958274019300	0	0
devosia submarina	0	0	0	0	0	0.0070010034771650603253132900	0.0023281260913091053011431100	0.0104036620890553474823137700
aminobacter niigataensis	0.0736919675755342667649226200	0	0	0	0	0.0420060208629903619518797700	0.093125043652364212045724400	0
xanthomonadaceae	0	0	0	0.0011203603078750126040534600	0	0	0.3166251484180383209554629500	0
fluviicola spp.	0	0	0.0359971202303815694744420400	0	0	0	0	0
kaistobacter spp.	0	0.0542005420054200542005420100	0	0.0011203603078750126040534600	0.1230398069963811821471652600	0	0	0
modestobacter sp.	0	0.0180668473351400180668473400	0	0.0078425221551250882283742500	0	0.0023336678257216867751044300	0.0069843782739273159034293300	0.3155777500346788736301844900
altererythrobacter spp.	0	0	0	0	0.0144752714113389626055488500	0.0256703460829385545261487500	0	0
enterococcus	0.006699269779594024251356600	0	0.7847372210223182145428365700	0.8245851865960092765833492100	0.0024125452352231604342581400	0.0046673356514433735502088600	0.2281563569482923195120247700	0.0138715494520737966430850300
luteimonas sp.	0	0	0.0395968322534197264218862500	0	0	0.0023336678257216867751044300	0	0
cytophagaceae	0	0	0	0	0	0.0093346713028867471004177300	0	0
corynebacterium lipophiloflavum	0	0	0	0.0011203603078750126040534600	0.0410132689987937273823884200	0	0	0
hyphomicrobiaceae	0	0	0	0	0	0	0.1699532046655646869834470200	0
halospirulina sp.	0.0401956186775641455081396100	0.3432700993676603432700993700	0.0179985601151907847372210200	0.0280090076968753151013365900	4.5307599517490952955367913100	0.3803878555926349443420223600	0.0302656391870183689148604300	0.703981134692745179636565400
ignavibacteriaceae	0	0	0	0.0011203603078750126040534600	0.0024125452352231604342581400	0.0023336678257216867751044300	0.1303750611133098968640141600	0
dietzia spp.	0.0401956186775641455081396100	0	0.2483801295896328293736501100	0.0011203603078750126040534600	0.0506634499396863691194209900	0	0.0046562521826182106022862200	0.0069357747260368983215425200
clostridium sp.	0	0	0	0	0	0	0.0512187740088003166251484200	0
thermicanus aegyptius	0.0267970791183760970054264100	0.0361336946702800361336946700	0.7055435565154787616990640700	0.0425736916992504789540316200	0.01688781664656212303980700	0.0536743599915987958274019300	7.2148627569669173282424976100	0.0381467609932029407684838400
rubrobacter spp.	0	0	0	0	0	0	0.0442343957348730007217190900	0
legionellaceae	0	0	0	0	0	0.0116683391286084338755221600	0	0
cloacibacterium spp.	0	0.1084010840108401084010840100	0.4895608351331893448524118100	0.0179257649260002016648554200	0.0024125452352231604342581400	0.0046673356514433735502088600	1.1198286499196796498498358700	0.0554861978082951865723401300
rhodopseudomonas palustris	0	0	0	0	0	0	0.2072032221265103718017367800	0
elizabethkingia meningoseptica	0	0	0	0	0	0	0.0116406304565455265057155500	0
anaerolineaceae	0	0	0.0071994240460763138948884100	0.0100832427708751134364811700	0	0	1.1547505412893162293669825200	0
bacillaceae	0	0	0	0	0	0.0256703460829385545261487500	0	0
comamonas jiangduensis	0	0.0180668473351400180668473400	0.0179985601151907847372210200	0	0.0024125452352231604342581400	0.0023336678257216867751044300	0.1559844481177100551765883600	0.0034678873630184491607712600
mesorhizobium spp.	0	0	0	0	0.0289505428226779252110977100	0	0	0
thermoanaerobacterium saccharolyticum	0	0	0.003599712023038156947444200	0	0	0	0.1513281959350918445743021400	0
pantoea spp.	41.937428820258591813492329340	33.441734417344173441734417340	0.6119510439164866810655147600	0.8850846432212599572022362400	84.78648974668275030156815440	4.8003547175095096963898158700	29.688263916373710800176937580	2.9685115827437924816201969800
sphingobacterium sp.	0	0	0.0431965442764578833693304500	0.0022407206157500252081069300	0.0024125452352231604342581400	0.0046673356514433735502088600	0.8474378972365143296160920100	0
aquabacterium	0	0	0	0	0	0.0070010034771650603253132900	0	0
synechococcus	0.006699269779594024251356600	0	0	0	0.0072376357056694813027744300	0	0	0
halotalea alkalilenta	0.0870905071347223152676358300	0.1264679313459801264679313500	0	0	0	0	0	0
methylobacterium thiocyanatum	0	0.0180668473351400180668473400	0	0	0.0024125452352231604342581400	0.0420060208629903619518797700	0	0
oxalobacteraceae	0	0.0180668473351400180668473400	0	0.0011203603078750126040534600	0	0	0	0.2774309890414759328617006500
cupriavidus respiraculi	0	0	0	0.0011203603078750126040534600	0	0.0863457095517024106788639700	0.4446720834400391125183339900	0
bacteroides spp.	0	0	0.003599712023038156947444200	0	0	0	0.1350313132959281074663003700	0
rhodococcus yunnanensis	0.0267970791183760970054264100	0	0	0.0022407206157500252081069300	0.0024125452352231604342581400	0.0350050173858253016265664700	0.2025469699438921611994505600	0.0104036620890553474823137700
candidatus competibacter	0	0.0180668473351400180668473400	0	0	0.0024125452352231604342581400	0	0.2072032221265103718017367800	0
sphingomonas caulobacter leidyia	0	0	0	0	0.0072376357056694813027744300	0.0210030104314951809759398800	0	0.0069357747260368983215425200
lactococcus lactis	0.0401956186775641455081396100	0.0542005420054200542005420100	0	0.0033610809236250378121603900	0	0.0256703460829385545261487500	0.0535469001001094219262915300	0
serratia marcescens	0.1942788236082267032893414600	0.8672086720867208672086720900	0.0287976961843052555795536400	0.0056018015393750630202673200	0.7575392038600723763570566900	0.1563557443233530139319969200	0.0302656391870183689148604300	0.0173394368150922458038562900
polynucleobacter	0	0.0180668473351400180668473400	0	0	0.0989143546441495778045838400	0	0	0
bacillus	0	0	0	0	0	0	0.0419062696435638954205759800	0
adhaeribacter spp.	0	0	0	0.0011203603078750126040534600	0	0	0	0.0069357747260368983215425200
sandaracinobacter sibiricus	0	0	0	0.0011203603078750126040534600	0.0723763570566948130277442700	0	0	0
actinomyces neuii	0	0	0	0	0	0	0.0419062696435638954205759800	0
verrucomicrobiaceae	0	0	0	0	0	0.0186693426057734942008354500	0	0
ralstonia	0	0	0	0.0011203603078750126040534600	0	0	0	0.0589540851713136357331113900
ethanoligenens spp.	0	0.0722673893405600722673893400	0	0	0	0	0	0.0069357747260368983215425200
thermus thiopara	0	0	0	0	0	0	0.0093125043652364212045724400	0
roseburia spp.	0.0267970791183760970054264100	0	0	0	0	0	0	0.0034678873630184491607712600
bacillus sp.	0.013398539559188048502713200	0.0180668473351400180668473400	0.0251979841612670986321094300	0.0201664855417502268729623400	0.0072376357056694813027744300	0.0140020069543301206506265900	4.7121272088096291295136544600	0.0104036620890553474823137700
longilinea	0	0	0	0	0	0	0.0256093870044001583125742100	0
ilumatobacter spp.	0	0	0	0	0	0	0.0558750261914185272274346400	0
alphaproteobacteria	0	0	0	0	0	0	0.1769375829394920028868763500	0
rhodopila	0	0	0	0	0	0	0.0023281260913091053011431100	0.0069357747260368983215425200
dechloromonas spp.	0	0	0.0251979841612670986321094300	0	0	0	0	0
nubsella zeaxanthinifaciens	0	0	0.003599712023038156947444200	0.0011203603078750126040534600	0.0024125452352231604342581400	0.0816783739002590371286551100	0.4307033268921844807114753300	0
cyanobacteria	0	0	0	0.0011203603078750126040534600	0	0	0.1978907177612739505971643400	0
enterococcus cecorum	0.301467140081731091311047100	0.3432700993676603432700993700	6.616270698344132469402447800	8.016178002845715182002532010	0.1809408926417370325693606800	0.044339688688712048726984200	10.278676693129699904546830260	0.0624219725343320848938826500
oxalobacter sp.	0.1540832049306625577812018500	0.1084010840108401084010840100	0.0539956803455723542116630700	0.0560180153937506302026731800	0.1833534378769601930036188200	0.0816783739002590371286551100	0.1257188089306916862617279400	10.188653072548203634345956440
conexibacter spp.	0	0	0	0	0	0.0046673356514433735502088600	0.0023281260913091053011431100	0
gemmobacter rhodobacter changlaii	0	0	0	0.0011203603078750126040534600	0	0.051340692165877109052297500	0	0
acinetobacter junii	0.0736919675755342667649226200	0.1264679313459801264679313500	0.003599712023038156947444200	0.0033610809236250378121603900	0.3377563329312424607961399300	0	0.1676250785742555816823039100	0.0312109862671660424469413200
bacteroidetes	0	0	0	0	0	0.0140020069543301206506265900	0	0
thermicanus	0	0	0.0071994240460763138948884100	0.0011203603078750126040534600	0	0.0023336678257216867751044300	0.1815938351221102134891625700	0
geobacteraceae	0	0	0.0107991360691144708423326100	0	0	0	0.1373594393872372127674434800	0
corynebacterium tuberculostearicum	0.1071883164735043880217056300	0.1084010840108401084010840100	0.0539956803455723542116630700	0.0033610809236250378121603900	0.0072376357056694813027744300	0.1050150521574759048796994200	0.9452191930714967522641026200	0.0069357747260368983215425200
bradyrhizobium spp.	0.006699269779594024251356600	0	0	0.0011203603078750126040534600	0	0.0023336678257216867751044300	0.1699532046655646869834470200	0
prevotella melaninogenica	0	0	0	0	0	0.0093346713028867471004177300	0	0
anoxybacillus tunensis	0.013398539559188048502713200	0.0361336946702800361336946700	0.2951763858891288696904247700	0.0504162138543755671824058600	0.1302774427020506634499396900	0.0093346713028867471004177300	3.170907736363001420156915700	0.0589540851713136357331113900
bacilli	0	0	0	0	0	0	0.1606407003003282657788745800	0
cardiobacterium hominis	0	0	0	0	0.0434258142340168878166465600	0	0	0
spiroplasmataceae	0	0	0	0	0.0072376357056694813027744300	0	0	0.0034678873630184491607712600
bosea sp.	0	0	0	0	0.0868516284680337756332931200	0.0023336678257216867751044300	0.1001094219262915279491537300	0.0034678873630184491607712600
sphingomonadaceae	0	0.0180668473351400180668473400	0	0	0	0	0.1746094568481828975857332400	0
haliscomenobacter spp.	0.006699269779594024251356600	0	0	0	0.0024125452352231604342581400	0.0046673356514433735502088600	0.4423439573487300072171908800	0
erysipelothrix	0.013398539559188048502713200	0.0361336946702800361336946700	0	0	0	0	0	0
iamia	0	0	0	0	0	0.0023336678257216867751044300	0.0954531697436733173468675100	0.0034678873630184491607712600
atopostipes spp.	0.013398539559188048502713200	0.1445347786811201445347786800	0.1727861771058315334773218100	0.0112036030787501260405346400	0.5114595898673100120627261800	0.0700100347716506032531329500	0.1233906828393825809605848300	0.0069357747260368983215425200
rhabdochlamydiaceae	0	0	0	0.0011203603078750126040534600	0.0024125452352231604342581400	0	0.7450003492189136963657951700	0
proteiniphilum acetatigenes	0.0267970791183760970054264100	0	0.0215982721382289416846652300	0.012323963386625138644588100	0	0.0070010034771650603253132900	1.8857821339603752939259190300	0
finegoldia magna	0.006699269779594024251356600	0	0.003599712023038156947444200	0.0022407206157500252081069300	0.0024125452352231604342581400	0.0233366782572168677510443200	0.1792657090308011081880194600	0
coprothermobacter proteolyticus	0	0	0.0107991360691144708423326100	0	0	0	0	0
sphingobacterium faecium	0	0	0	0	0	0	0.0069843782739273159034293300	0
empedobacter	0	0.0180668473351400180668473400	0.2015838732901367890568754500	0.0112036030787501260405346400	0.0193003618817852834740651400	0.0280040139086602413012531800	3.1522827276325285777477708200	0
cyanothece	0	0	0.003599712023038156947444200	0	0.0386007237635705669481302800	0	0	0
flavobacterium spp.	0	0	0	0	0	0.0093346713028867471004177300	0	0
gemmatimonas spp.	0	0	0	0	0	0	0	0.0104036620890553474823137700
kocuria rhizophila	0.0200978093387820727540698100	0	0	0	0	0.0396723530372686751767753400	0	0
corynebacterium appendicis	0.006699269779594024251356600	0	0	0	0	0.0303376817343819280763576100	0	0
gemella sanguinis	0.0535941582367521940108528200	0	0.003599712023038156947444200	0	0	0	0	0
neisseria sicca	0	0.0361336946702800361336946700	0.0287976961843052555795536400	0	0	0	0	0
hymenobacter spp.	0	0	0	0.0011203603078750126040534600	0	0	0.0023281260913091053011431100	0.10750450825357192398390900
arthrobacter spp.	0.0535941582367521940108528200	0.1626016260162601626016260200	0.0251979841612670986321094300	0.061619816933125693222940500	0.0193003618817852834740651400	0.1446874051947445800564747600	0.1955625916699648452960212300	3.1453738382577333888195311400
clostridium spp.	0	0	0	0	0	0.0023336678257216867751044300	0.1070938002002188438525830600	0
methylobacterium adhaesivum	0.0937897769143163395189924300	0.1445347786811201445347786800	0.0215982721382289416846652300	0.0582587360095006554107801100	0.0361881785283474065138721400	0.0723437025973722900282373800	0.0651875305566549484320070800	7.0155361353863226522402552400
cytophaga	0	0	0	0.0011203603078750126040534600	0	0	0.188578213396037529392591900	0
