family	1.Nezara.viridula.Infected.Fat.Body	2.Nezara.viridula.Infected.Ovary	3.Nezara.viridula.Infected.Spermatheca	4.Nezara.viridula.Infected.Egg	5.Nezara.viridula.Clean.Fat.Body	6.Nezara.viridula.Clean.Ovary	7.Nezara.viridula.Clean.Spermatheca	8.Nezara.viridula.Clean.Egg	
rhizobiaceae	0	0	0.0071991648968719628523091300	0.0011203352042931245028512500	0.0048250904704463208685162800	0.2753728034351590394623229300	0.3553181607059916395726892700	0.0034678873630184491607712600
pseudonocardiaceae	0	0	0	0.0011203352042931245028512500	0.0361881785283474065138721400	0	0	0
nocardioidaceae	0.013398539559188048502713200	0	0	0	0.0024125452352231604342581400	0.0140020069543301206506265900	0	0
burkholderiaceae	0.0200978093387820727540698100	0.1806684733514001806684733500	0	0.0022406704085862490057025100	0.1351025331724969843184559700	0.0863457095517024106788639700	0.5852299117510450534138411500	0.0728256346233874323761964200
rhodocyclaceae	0	0	0.0251970771390518699830819600	0	0	0	0	0
neisseriaceae	0	0.0361336946702800361336946700	0.0287966595874878514092365300	0	0	0	0	0
cytophagaceae	0.0334963488979701212567830100	0	0.3239624203592383283539109500	0.0056016760214656225142562700	0.0313630880579010856453558500	0.0630090312944855429278196500	0.4366000928936367858801672100	0.1352476071577195172700790700
moraxellaceae	0.1406846653714745092784886400	0.5781391147244805781391147200	0.010798747345307944278463700	0.0145643576558106185370662900	0.7985524728588661037394451100	1.0828218711348626636484562800	0.4482117974918718067812354900	0.0589540851713136357331113900
xanthobacteraceae	0	0	0	0	0	0	0.020901068276823037621922900	0
syntrophomonadaceae	0	0	0.0431949893812317771138547900	0	0	0	0	0
methylothermaceae	0	0	0	0	0	0	0.0185787273571760334417092400	0
verrucomicrobiaceae	0	0	0.0251970771390518699830819600	0	0	0.0280040139086602413012531800	0	0
peptoniphilaceae	0.0468948884571581697594962100	0	0.0143983297937439257046182600	0.0022406704085862490057025100	0.1351025331724969843184559700	0.0326713495601036148514620400	0.1788202508128193218764514600	0
dermabacteraceae	0	0.0542005420054200542005420100	0	0.0011203352042931245028512500	0	0.0233366782572168677510443200	0.1045053413841151881096144900	0.0138715494520737966430850300
gemmatimonadaceae	0.006699269779594024251356600	0	0.0035995824484359814261545700	0.0011203352042931245028512500	0.0723763570566948130277442700	0	0	0.0104036620890553474823137700
kofleriaceae	0	0	0	0	0	0	0	0.0104036620890553474823137700
geodermatophilaceae	0	0.0180668473351400180668473400	0	0.0078423464300518715199587700	0	0.0256703460829385545261487500	0.0092893636785880167208546200	0.3259814121237342211124982700
thermoactinomycetaceae	0	0.1445347786811201445347786800	0	0	0	0	0	0
erysipelotrichaceae	0.013398539559188048502713200	0.0722673893405600722673893400	0	0.0011203352042931245028512500	0	0	0	0
desulfobacteraceae	0	0	0	0	0	0.0396723530372686751767753400	0	0
veillonellaceae	0	0	0	0.0022406704085862490057025100	0	0.0046673356514433735502088600	0.130051091500232234091964700	0
bacillaceae	0.0267970791183760970054264100	0.0542005420054200542005420100	0.3203628379108023469277563800	0.0705811178704668436796289400	0.1375150784077201447527141100	0.0490070243401554222771930600	8.065490013934045517882025080	0.0693577472603689832154251600
clostridiaceae	0	0.0361336946702800361336946700	0.0035995824484359814261545700	0.0011203352042931245028512500	0	0.0046673356514433735502088600	0.7292150487691593125870877800	0.0034678873630184491607712600
succinivibrionaceae	0	0	0	0	0	0.0186693426057734942008354500	0	0
porphyromonadaceae	0.0736919675755342667649226200	0	0.021597494690615888556927400	0.0123236872472243695313637800	0.0024125452352231604342581400	0.0490070243401554222771930600	1.8810961449140733859730608500	0
ignavibacteriaceae	0	0	0	0.0011203352042931245028512500	0.0024125452352231604342581400	0.0023336678257216867751044300	0.130051091500232234091964700	0
deinococcaceae	0	0	0	0	0	0	0	0.0138715494520737966430850300
micrococcaceae	0.1272861258122864607757754400	0.1626016260162601626016260200	0.0251970771390518699830819600	0.0616184362361218476568189200	0.1182147165259348612786489700	0.1936944295349000023336678300	0.1950766372503483511379470500	3.148841725620751837980302400
acidobacteria	0	0	0.0035995824484359814261545700	0.0022406704085862490057025100	0	0	0.5527171388759869948908499800	0
flavobacteriaceae	0	0.1264679313459801264679313500	0.6911198300997084338216766900	0.0291287153116212370741325800	0.0217129071170084439083232800	0.0420060208629903619518797700	4.2731072921504876915931258700	0.0554861978082951865723401300
actinomycetaceae	0.0200978093387820727540698100	0.1445347786811201445347786800	0.010798747345307944278463700	0.0078423464300518715199587700	0.0144752714113389626055488500	0.0070010034771650603253132900	0.9753831862517417556897352500	0.0034678873630184491607712600
dietziaceae	0.0468948884571581697594962100	0	0.2483711889420827184046650600	0.0033610056128793735085537600	0.0506634499396863691194209900	0	0.0464468183929400836042731100	0.0208073241781106949646275500
halomonadaceae	0.1071883164735043880217056300	0.1987353206865401987353206900	0.212375364457722904143119400	0.0033610056128793735085537600	0.1712907117008443908323281100	0.0793447060745373503535506800	0.1416627960984672549930329800	0
halothiobacillaceae	0	0	0.0035995824484359814261545700	0.0011203352042931245028512500	0	0	0.1672085462145843009753831900	0
cyanobacteriaceae	0	0	0	0	0	0	0.0116117045982350209010682800	0
methylophilaceae	0.006699269779594024251356600	0	0	0	0.0506634499396863691194209900	0	0	0
piscirickettsiaceae	0	0	0	0.0011203352042931245028512500	0	0	0.0534138411518810961449140700	0
pasteurellaceae	0.0669926977959402425135660200	0	0	0	0	0.0116683391286084338755221600	0	0
alcaligenaceae	0.006699269779594024251356600	0	0	0	0	0	0	0.0069357747260368983215425200
chitinophagaceae	0	0	0	0.0044813408171724980114050100	0.1061519903498190591073582600	0.2310331147464469907353387300	1.2958662331630283325592196900	0.0069357747260368983215425200
acidimicrobiaceae	0	0	0	0	0	0	0.0557361820715281003251277300	0
enterobacteriaceae	92.16185435787499162591277551	90.87624209575429087624209575	0.7595118966199920809186134400	1.048633751218364534668772900	88.33775633293124246079613993	5.3954400130685398240414459400	30.292614955875522526706920580	3.190456373976973227909557500
bdellovibrionaceae	0	0	0	0.0011203352042931245028512500	0	0.0093346713028867471004177300	0.0905712958662331630283325600	0
saprospiraceae	0.006699269779594024251356600	0.0180668473351400180668473400	0.0035995824484359814261545700	0.0011203352042931245028512500	0.0024125452352231604342581400	0.0070010034771650603253132900	0.8081746400371574547143520700	0
sphingobacteriaceae	0	0	0.0467945718296677585400093600	0.0033610056128793735085537600	0.0048250904704463208685162800	0.0863457095517024106788639700	1.2819321876451463074779377600	0
brucellaceae	0	0.0180668473351400180668473400	0.0899895612108995356538641500	0.0011203352042931245028512500	0	0.0490070243401554222771930600	0.5503947979563399907106363200	0
intrasporangiaceae	0	0.0180668473351400180668473400	0.0071991648968719628523091300	0	0	0.0210030104314951809759398800	0	0.0034678873630184491607712600
sphingomonadaceae	0.006699269779594024251356600	0.0903342366757000903342366800	0.021597494690615888556927400	0.0134440224515174940342150400	0.250904704463208685162846800	2.1563090709668385801964948300	0.7361820715281003251277287500	0.0450825357192398390900263600
beijerinckiaceae	0	0	0.010798747345307944278463700	0	0	0	0	0
staphylococcaceae	0.7503182153145307161519394400	0.4336043360433604336043360400	0.0791908138655915913754004500	0.0224067040858624900570250600	0.6948130277442702050663449900	0.1913607617091783155585633900	1.0915002322340919647004180200	0.0277430989041475932861700700
alcanivoracaceae	0	0	0	0	0	0.0420060208629903619518797700	0	0
labilitrichaceae	0	0	0	0	0	0	0.1741755689735253135160241500	0
williamsiaceae	0	0	0	0	0	0.0326713495601036148514620400	0	0
thermomonosporaceae	0	0	0	0	0	0	0.0371574547143520668834184900	0
thermoanaerobacteraceae	0	0	0	0.0022406704085862490057025100	0	0	0.1114723641430562006502554600	0
coriobacteriaceae	0	0	0	0	0	0	0.0185787273571760334417092400	0
thermaceae	0	0	0	0	0	0	0.0092893636785880167208546200	0
bacteroidaceae	0.006699269779594024251356600	0	0.0071991648968719628523091300	0.0011203352042931245028512500	0	0.0023336678257216867751044300	0.1370181142591732466326056700	0
microthrixaceae	0	0.1084010840108401084010840100	0	0	0	0	0	0
corynebacteriaceae	0.1339853955918804850271320400	0.3794037940379403794037940400	0.3023649256686224397969835500	0.035850726537379984091240100	0.1037394451145958986731001200	0.1516884086719096403817880600	3.5160241523455643288434742200	0.0693577472603689832154251600
promicromonosporaceae	0	0	0.0179979122421799071307728300	0	0.0024125452352231604342581400	0	0	0.0034678873630184491607712600
desulfuromonadaceae	0	0	0	0.0011203352042931245028512500	0	0.0023336678257216867751044300	0.1114723641430562006502554600	0
xanthomonadaceae	0.0401956186775641455081396100	0.1806684733514001806684733500	0.201576617112414959864655700	0.0156846928601037430399175400	0.4656212303980699638118214700	0.7467737042309397680334181200	3.4951230840687412912215513200	0.0242752115411291441253988100
burkholderiales	0.0535941582367521940108528200	0.1626016260162601626016260200	0.19077786976710701558619200	0.0123236872472243695313637800	0.0892641737032569360675512700	2.5460315978623602716389349100	1.212261960055736182071528100	0.0242752115411291441253988100
hyphomicrobiaceae	0.0200978093387820727540698100	0	0.0035995824484359814261545700	0.0022406704085862490057025100	0	0.0373386852115469884016709100	0.4621458430097538318625174200	0.0138715494520737966430850300
leptolyngbyaceae	0	0	0	0.0011203352042931245028512500	0	0	0.1439851370181142591732466300	0
planctomycetaceae	0	0	0	0.0011203352042931245028512500	0	0	0.1788202508128193218764514600	0
chroococcales	0	0	0	0	0	0	0.0534138411518810961449140700	0
bradyrhizobiaceae	0.006699269779594024251356600	0.0180668473351400180668473400	0	0.0011203352042931245028512500	0.1158021712907117008443908300	0.0046673356514433735502088600	0.6967022758941012540640966100	0.0034678873630184491607712600
rhodobacteraceae	0	0.0180668473351400180668473400	0	0.0044813408171724980114050100	0.0024125452352231604342581400	0.7397727007537747077081048300	0	0
chloroflexaceae	0	0	0.0395954069327957956877002300	0.0011203352042931245028512500	0.0265379975874547647768395700	0.0233366782572168677510443200	0.1973989781699953553181607100	0
dehalococcoidaceae	0	0	0	0.0011203352042931245028512500	0	0	0.0371574547143520668834184900	0
verrucomicrobia subdivision 3	0	0	0	0	0	0	0	0.0554861978082951865723401300
rhodospirillales	0	0	0	0.0011203352042931245028512500	0.0024125452352231604342581400	0.0163356747800518074257310200	0.4876915931258708778448676300	0
synechococcaceae	0.006699269779594024251356600	0	0	0	0.0072376357056694813027744300	0	0	0
acetobacteraceae	0.006699269779594024251356600	0	0.0071991648968719628523091300	0.0033610056128793735085537600	0	0	0.0046446818392940083604273100	0.2150090165071438479678180100
geobacteraceae	0	0	0.010798747345307944278463700	0	0	0	0.1695308871342313051555968400	0
ectothiorhodospiraceae	0	0	0	0	0	0	0.0255457501161170459823502100	0
cardiobacteriaceae	0	0	0	0	0.0434258142340168878166465600	0	0	0
phyllobacteriaceae	0.0736919675755342667649226200	0	0	0	0.0289505428226779252110977100	0.0536743599915987958274019300	0.0928936367858801672085462100	0
bacillales family x. incertae sedis	0.0267970791183760970054264100	0.0361336946702800361336946700	0.7127173247903243223786040800	0.0436930729674318556111988700	0.01688781664656212303980700	0.0560080278173204826025063600	7.3780771017185322805387830900	0.0381467609932029407684838400
eubacteriaceae	0	0	0	0.0011203352042931245028512500	0.0289505428226779252110977100	0.0070010034771650603253132900	0.3274500696702275894101254100	0
acidobacteriaceae	0	0	0	0	0	0	0.0650255457501161170459823500	0.0138715494520737966430850300
vibrionaceae	0	0	0	0	0	0.0396723530372686751767753400	0	0
enterococcaceae	3.9391706304012862597976820500	2.5474254742547425474254742500	93.20398833735286706742017926	97.60808433883417918641257464	0.8854041013268998793727382400	0.4527315581900072343702597400	11.339990710636321411983279150	0.5930087390761548064918851400
lachnospiraceae	0.0468948884571581697594962100	0	0	0.0011203352042931245028512500	0	0.0070010034771650603253132900	0	0.0034678873630184491607712600
thermodesulfobiaceae	0	0	0.010798747345307944278463700	0	0	0	0	0
prevotellaceae	0	0.0542005420054200542005420100	0	0	0.0024125452352231604342581400	0.0093346713028867471004177300	0.1045053413841151881096144900	0
carnobacteriaceae	0.0334963488979701212567830100	0.1806684733514001806684733500	0.2447716064936467369785104900	0.016805028064396867542768800	0.6224366706875753920386007200	0.2333667825721686775104431600	0.4389224338132837900603808600	0.0312109862671660424469413200
bifidobacteriaceae	0	0.0722673893405600722673893400	0.0827903963140275728015550200	0.0078423464300518715199587700	0.0579010856453558504221954200	0.0466733565144337355020886300	1.753367394333488156061309800	0.0069357747260368983215425200
methylobacteriaceae	0.0937897769143163395189924300	0.1626016260162601626016260200	0.021597494690615888556927400	0.0593777658275355986511164100	0.0410132689987937273823884200	0.1260180625889710858556393100	0.0696702275894101254064096600	7.1091690941878207795810792100
anaerolineaceae	0	0	0.010798747345307944278463700	0.0123236872472243695313637800	0.0048250904704463208685162800	0.0023336678257216867751044300	1.8369716674407803065490013900	0
ruminococcaceae	0	0.0903342366757000903342366800	0	0.0134440224515174940342150400	0.0096501809408926417370325700	0.0046673356514433735502088600	1.9182535996284254528564793300	0.0138715494520737966430850300
microbacteriaceae	0.013398539559188048502713200	0.0180668473351400180668473400	0.0359958244843598142615456600	0.0067220112257587470171075200	0.0120627261761158021712907100	0.0163356747800518074257310200	0.6154203437064561077566186700	0.1421833818837564155916215800
bacillales	0.0602934280163462182622094200	0	0.0071991648968719628523091300	0.0011203352042931245028512500	0	0.0023336678257216867751044300	0.1764979098931723176962378100	0
cryomorphaceae	0.0401956186775641455081396100	0	0.0359958244843598142615456600	0.0033610056128793735085537600	0	0	0.2066883418485833720390153300	0
pelobacteraceae	0	0	0	0	0	0	0.0069670227589410125406409700	0
oscillatoriales	0.0401956186775641455081396100	0.3432700993676603432700993700	0.0179979122421799071307728300	0.0280083801073281125712813300	4.5307599517490952955367913100	0.3803878555926349443420223600	0.0301904319554110543427775200	0.703981134692745179636565400
oxalobacteraceae	0.6900247872981844978897300200	1.0117434507678410117434507700	0.3239624203592383283539109500	0.3708309526210242104437647700	0.7189384800965018094089264200	0.5484119390445963921495414300	0.3924756154203437064561077600	76.456512692467748647523928420
thermoanaerobacterales family iii. incertae sedis	0	0	0.0035995824484359814261545700	0	0	0	0.150952159777055271713887600	0
streptococcaceae	0.4220539961144235278354659300	0.5781391147244805781391147200	0.413951981570137864007775100	0.0112033520429312450285125300	0.2605548854041013268998793700	0.2753728034351590394623229300	0.8499767765908035299581978600	0.0450825357192398390900263600
rubrobacteraceae	0	0	0	0	0	0	0.0441244774732930794240594500	0
competibacteraceae	0	0.0180668473351400180668473400	0	0	0.0024125452352231604342581400	0	0.3274500696702275894101254100	0
nocardiaceae	0.0267970791183760970054264100	0	0	0.0022406704085862490057025100	0.0024125452352231604342581400	0.0350050173858253016265664700	0.2020436600092893636785880200	0.0104036620890553474823137700
salinisphaeraceae	0	0.0180668473351400180668473400	0	0	0.0024125452352231604342581400	0.0910130452031457842290728300	0	0.0208073241781106949646275500
alphaproteobacteria	0.006699269779594024251356600	0	0	0	0	0	0.1764979098931723176962378100	0.0624219725343320848938826500
hydrogenophilaceae	0	0	0.010798747345307944278463700	0.0044813408171724980114050100	0.0024125452352231604342581400	0.0070010034771650603253132900	0.9126799814212726428239665600	0.0069357747260368983215425200
lactobacillaceae	0	0.0361336946702800361336946700	0.4859436305388574925308664200	0.0112033520429312450285125300	0.0675512665862484921592279900	0.0046673356514433735502088600	0.0394797956339990710636321400	0.1144402829796088223054515200
rhabdochlamydiaceae	0	0	0	0.0011203352042931245028512500	0.0024125452352231604342581400	0	0.7431490942870413376683697200	0
iamiaceae	0	0	0	0	0	0.0023336678257216867751044300	0.0952159777055271713887598700	0.0034678873630184491607712600
cyanothecaceae	0	0	0.0035995824484359814261545700	0	0.0386007237635705669481302800	0	0	0
legionellaceae	0	0	0	0	0	0.0116683391286084338755221600	0	0
conexibacteraceae	0	0	0	0	0.0337756332931242460796139900	0.0046673356514433735502088600	0.0023223409196470041802136600	0
rhodospirillaceae	0	0	0	0.0044813408171724980114050100	0	0.1423537373690228932813703300	0.0487691593125870877844867600	0.2739631016784574837009293900
spiroplasmataceae	0	0	0	0	0.0072376357056694813027744300	0	0	0.0034678873630184491607712600
erythrobacteraceae	0.006699269779594024251356600	0	0.0035995824484359814261545700	0.0044813408171724980114050100	0.0144752714113389626055488500	0.0303376817343819280763576100	0.4087320018578727357176033400	0
comamonadaceae	0.1004890466939103637703490300	0.1264679313459801264679313500	0.2483711889420827184046650600	0.0235270392901556145598763100	0.0554885404101326899879372700	1.0198128398403771207206366200	0.7779842080817464003715745500	6.2352614787071715910667221500
pseudomonadaceae	0.4220539961144235278354659300	0.5058717253839205058717253800	0.2987653432201864583708289800	0.3473039133308685958838884600	0.5090470446320868516284680300	81.76471960981073953933397120	1.4746864839758476544356711600	0.4751005687335275350256623700
fusobacteriaceae	0	0.0722673893405600722673893400	0	0	0	0	0	0
