genus	1.Nezara.viridula.Infected.Fat.Body	2.Nezara.viridula.Infected.Ovary	3.Nezara.viridula.Infected.Spermatheca	4.Nezara.viridula.Infected.Egg	5.Nezara.viridula.Clean.Fat.Body	6.Nezara.viridula.Clean.Ovary	7.Nezara.viridula.Clean.Spermatheca	8.Nezara.viridula.Clean.Egg	
rubellimicrobium	0	0.0180668473351400180668473400	0	0	0	0.0326713495601036148514620400	0	0
prosthecobacter	0	0	0	0	0	0.0093346713028867471004177300	0	0
gemmobacter	0	0	0	0.0011203352042931245028512500	0	0.051340692165877109052297500	0	0
ohtaekwangia	0	0	0.1727799575249271084554191700	0	0	0	0	0
tepidimonas	0.0334963488979701212567830100	0.0903342366757000903342366800	0.1331845505921313127677189400	0.0022406704085862490057025100	0.01688781664656212303980700	0.0210030104314951809759398800	0.9266140269391546679052484900	0
haliscomenobacter	0.006699269779594024251356600	0	0.0035995824484359814261545700	0	0.0024125452352231604342581400	0.0046673356514433735502088600	0.6084533209475150952159777100	0
sandaracinobacter	0	0	0	0.0011203352042931245028512500	0.0723763570566948130277442700	0	0	0
mycoplana	0	0	0.0071991648968719628523091300	0	0	0.0466733565144337355020886300	0.2090106827682303762192289800	0
cryocola	0.006699269779594024251356600	0.0180668473351400180668473400	0.0359958244843598142615456600	0.0044813408171724980114050100	0.0072376357056694813027744300	0	0.5805852299117510450534138400	0.0589540851713136357331113900
bifidobacterium	0	0.0722673893405600722673893400	0.0827903963140275728015550200	0.0078423464300518715199587700	0.0579010856453558504221954200	0.0256703460829385545261487500	1.753367394333488156061309800	0.0069357747260368983215425200
geoalkalibacter	0	0	0.010798747345307944278463700	0	0	0	0	0
enterococcus	3.9391706304012862597976820500	2.5474254742547425474254742500	93.20398833735286706742017926	97.60808433883417918641257464	0.8854041013268998793727382400	0.4527315581900072343702597400	11.339990710636321411983279150	0.5930087390761548064918851400
haemophilus	0.0669926977959402425135660200	0	0	0	0	0.0116683391286084338755221600	0	0
sphingobacterium	0	0	0.0431949893812317771138547900	0.0022406704085862490057025100	0.0024125452352231604342581400	0.0046673356514433735502088600	0.8522991175104505341384115200	0
gemmatimonas	0.006699269779594024251356600	0	0.0035995824484359814261545700	0.0011203352042931245028512500	0.0723763570566948130277442700	0	0	0.0104036620890553474823137700
porphyromonas	0	0	0	0	0.0024125452352231604342581400	0.0280040139086602413012531800	0	0
ralstonia	0	0	0	0.0011203352042931245028512500	0	0	0	0.0589540851713136357331113900
sphingopyxis	0	0	0	0.0011203352042931245028512500	0	0	0.1439851370181142591732466300	0
reyranella	0	0	0	0.0011203352042931245028512500	0.0024125452352231604342581400	0.0163356747800518074257310200	0.4876915931258708778448676300	0
microbacterium	0	0	0	0	0	0.0023336678257216867751044300	0.0162563864375290292614955900	0
pseudomonas	0.4220539961144235278354659300	0.5058717253839205058717253800	0.2987653432201864583708289800	0.3473039133308685958838884600	0.5090470446320868516284680300	81.76471960981073953933397120	1.4746864839758476544356711600	0.4751005687335275350256623700
synechococcus	0.006699269779594024251356600	0	0	0	0.0072376357056694813027744300	0	0	0
clostridium	0	0.0361336946702800361336946700	0.0035995824484359814261545700	0.0011203352042931245028512500	0	0.0046673356514433735502088600	0.7292150487691593125870877800	0.0034678873630184491607712600
chelatococcus	0	0	0.010798747345307944278463700	0	0	0	0	0
micavibrio	0	0	0	0	0	0	0.1764979098931723176962378100	0
sediminibacterium	0	0	0	0.0033610056128793735085537600	0	0.2170311077921168700847121400	0.6456107756618671620993961900	0.0069357747260368983215425200
anaerococcus	0	0	0.010798747345307944278463700	0	0	0	0	0
hyphomicrobium	0.0200978093387820727540698100	0	0.0035995824484359814261545700	0.0022406704085862490057025100	0	0.0303376817343819280763576100	0.2508128193218764514630747800	0.0034678873630184491607712600
terrimonas	0	0	0	0	0.0024125452352231604342581400	0	0.1834649326521133302368787700	0
thermomonas	0	0.1264679313459801264679313500	0	0.0011203352042931245028512500	0	0.0023336678257216867751044300	0.2902926149558755225267069200	0
daeguia	0	0.0180668473351400180668473400	0.0827903963140275728015550200	0.0011203352042931245028512500	0	0.0023336678257216867751044300	0.3413841151881096144914073400	0
cloacibacterium	0	0.1084010840108401084010840100	0.4895432129872934739570209900	0.0179253632686899920456200500	0.0024125452352231604342581400	0.0046673356514433735502088600	1.1170459823502090106827682300	0.0554861978082951865723401300
paludibacter	0.0468948884571581697594962100	0	0	0	0	0.0140020069543301206506265900	0	0
thermoanaerobacterium	0	0	0.0035995824484359814261545700	0	0	0	0.150952159777055271713887600	0
fusobacterium	0	0.0722673893405600722673893400	0	0	0	0	0	0
prevotella	0	0.0542005420054200542005420100	0	0	0.0024125452352231604342581400	0.0093346713028867471004177300	0.1045053413841151881096144900	0
conexibacter	0	0	0	0	0.0337756332931242460796139900	0.0046673356514433735502088600	0.0023223409196470041802136600	0
exiguobacterium	0.006699269779594024251356600	0	0.0035995824484359814261545700	0.0011203352042931245028512500	0	0.0023336678257216867751044300	0.1764979098931723176962378100	0
pelobacter	0	0	0	0	0	0	0.0069670227589410125406409700	0
natronobacillus	0	0	0	0	0	0.0256703460829385545261487500	0	0
thermicanus	0.0267970791183760970054264100	0.0361336946702800361336946700	0.7127173247903243223786040800	0.0436930729674318556111988700	0.01688781664656212303980700	0.0560080278173204826025063600	7.3780771017185322805387830900	0.0381467609932029407684838400
serratia	0.1942788236082267032893414600	0.8672086720867208672086720900	0.0287966595874878514092365300	0.0056016760214656225142562700	0.7575392038600723763570566900	0.1563557443233530139319969200	0.0301904319554110543427775200	0.0173394368150922458038562900
geobacter	0	0	0	0	0	0	0.1695308871342313051555968400	0
empedobacter	0	0.0180668473351400180668473400	0.201576617112414959864655700	0.0112033520429312450285125300	0.0193003618817852834740651400	0.0280040139086602413012531800	3.1444496052020436600092893600	0
planctomyces	0	0	0	0	0	0	0.0812819321876451463074779400	0
enhydrobacter	0.013398539559188048502713200	0.3252032520325203252032520300	0	0	0	0	0.0023223409196470041802136600	0.0173394368150922458038562900
pirellula	0	0	0	0.0011203352042931245028512500	0	0	0.0975383186251741755689735300	0
adhaeribacter	0	0	0	0.0022406704085862490057025100	0	0.0536743599915987958274019300	0	0.0069357747260368983215425200
cyanothece	0	0	0.0035995824484359814261545700	0	0.0386007237635705669481302800	0	0	0
candidatus competibacter	0	0.0180668473351400180668473400	0	0	0.0024125452352231604342581400	0	0.3274500696702275894101254100	0
kocuria	0.0200978093387820727540698100	0	0	0	0	0.0396723530372686751767753400	0	0
legionella	0	0	0	0	0	0.0116683391286084338755221600	0	0
actinomyces	0.0200978093387820727540698100	0.1445347786811201445347786800	0.010798747345307944278463700	0.0078423464300518715199587700	0.0144752714113389626055488500	0.0070010034771650603253132900	0.9753831862517417556897352500	0.0034678873630184491607712600
salinisphaera	0	0.0180668473351400180668473400	0	0	0.0024125452352231604342581400	0.0910130452031457842290728300	0	0.0208073241781106949646275500
alcanivorax	0	0	0	0	0	0.0420060208629903619518797700	0	0
syntrophomonas	0	0	0.0431949893812317771138547900	0	0	0	0	0
cyanobacterium	0	0	0	0	0	0	0.0116117045982350209010682800	0
halotalea	0.0870905071347223152676358300	0.1264679313459801264679313500	0	0	0	0	0	0
candidatus rhabdochlamydia	0	0	0	0.0011203352042931245028512500	0.0024125452352231604342581400	0	0.7431490942870413376683697200	0
williamsia	0	0	0	0	0	0.0326713495601036148514620400	0	0
labilithrix	0	0	0	0	0	0	0.1741755689735253135160241500	0
blautia	0.0200978093387820727540698100	0	0	0.0011203352042931245028512500	0	0.0070010034771650603253132900	0	0
fluviicola	0.0401956186775641455081396100	0	0.0359958244843598142615456600	0	0	0	0	0
luteimonas	0	0	0.0395954069327957956877002300	0	0	0.0023336678257216867751044300	0	0
chloroflexus	0	0	0.0395954069327957956877002300	0.0011203352042931245028512500	0.0265379975874547647768395700	0.0233366782572168677510443200	0.1973989781699953553181607100	0
ilumatobacter	0	0	0	0	0	0	0.0557361820715281003251277300	0
brachybacterium	0	0	0	0.0011203352042931245028512500	0	0.0233366782572168677510443200	0.1045053413841151881096144900	0.0138715494520737966430850300
pedomicrobium	0	0	0	0	0	0	0.1695308871342313051555968400	0
leucobacter	0	0	0	0	0	0	0.0069670227589410125406409700	0
virgibacillus	0	0	0	0	0	0	0.1602415234556432884347422200	0
lactococcus	0.0401956186775641455081396100	0.0542005420054200542005420100	0	0.0033610056128793735085537600	0	0.0256703460829385545261487500	0.0534138411518810961449140700	0
sphingomonas	0.006699269779594024251356600	0.0180668473351400180668473400	0.021597494690615888556927400	0.0078423464300518715199587700	0.0530759951749095295536791300	1.9019392779631747217101117800	0.0441244774732930794240594500	0.041614648356221389929255100
rhodoplanes	0	0	0	0	0	0	0.0394797956339990710636321400	0
lysobacter	0.006699269779594024251356600	0	0.0035995824484359814261545700	0.0033610056128793735085537600	0.0072376357056694813027744300	0.686098340762175911880702900	0	0
variovorax	0.0468948884571581697594962100	0.0903342366757000903342366800	0.0359958244843598142615456600	0.016805028064396867542768800	0.0410132689987937273823884200	0.2100301043149518097593988500	0.0789595912679981421272642800	6.2213899292550977944236371200
bacteroides	0.006699269779594024251356600	0	0.0071991648968719628523091300	0.0011203352042931245028512500	0	0.0023336678257216867751044300	0.1370181142591732466326056700	0
nocardioides	0.013398539559188048502713200	0	0	0	0.0024125452352231604342581400	0.0140020069543301206506265900	0	0
bacillus	0.013398539559188048502713200	0.0180668473351400180668473400	0.0251970771390518699830819600	0.0201660336772762410513225600	0.0072376357056694813027744300	0.0140020069543301206506265900	4.7422201579191825359962842500	0.0104036620890553474823137700
sphingobium	0	0	0	0.0011203352042931245028512500	0	0.1960280973606216891087722600	0.0023223409196470041802136600	0.0034678873630184491607712600
rothia	0.0535941582367521940108528200	0	0	0	0.0989143546441495778045838400	0.0093346713028867471004177300	0	0.0034678873630184491607712600
aquabacterium	0.0200978093387820727540698100	0.0722673893405600722673893400	0.0575933191749757028184730600	0.0100830168386381205256612800	0.0723763570566948130277442700	2.5250285874308650906629950300	0.2856479331165815141662796100	0.0242752115411291441253988100
blastococcus	0	0	0	0	0	0.0070010034771650603253132900	0	0.0104036620890553474823137700
acidobacterium	0	0	0	0	0	0	0.0650255457501161170459823500	0.0138715494520737966430850300
xanthomonas	0	0	0.0863899787624635542277095900	0	0	0	0	0
cytophaga	0	0	0.0035995824484359814261545700	0.0011203352042931245028512500	0.0024125452352231604342581400	0.0093346713028867471004177300	0.4342777519739897816999535500	0
elizabethkingia	0	0	0	0	0	0	0.0116117045982350209010682800	0
rhizobium	0	0	0.0071991648968719628523091300	0.0011203352042931245028512500	0.0048250904704463208685162800	0.0770110382488156635784462400	0.3553181607059916395726892700	0.0034678873630184491607712600
lewinella	0	0.0180668473351400180668473400	0	0.0011203352042931245028512500	0	0.0023336678257216867751044300	0.1997213190896423594983743600	0
verrucomicrobium	0	0	0.0251970771390518699830819600	0	0	0.0186693426057734942008354500	0	0
kaistobacter	0	0.0542005420054200542005420100	0	0.0011203352042931245028512500	0.1230398069963811821471652600	0	0	0
novosphingobium	0	0.0180668473351400180668473400	0	0.0011203352042931245028512500	0.0024125452352231604342581400	0.0583416956430421693776107900	0.5457501161170459823502090100	0
hymenobacter	0	0	0	0.0011203352042931245028512500	0	0	0.0023223409196470041802136600	0.1283118324316826189485365500
helcobacillus	0	0.0542005420054200542005420100	0	0	0	0	0	0
alkanindiges	0	0	0	0.0067220112257587470171075200	0	1.0338148467947072413712632100	0.0301904319554110543427775200	0.0034678873630184491607712600
flavisolibacter	0	0	0	0.0011203352042931245028512500	0.1037394451145958986731001200	0.0140020069543301206506265900	0.4667905248490478402229447300	0
flavobacterium	0	0	0	0	0	0.0093346713028867471004177300	0	0
olsenella	0	0	0	0	0	0	0.0185787273571760334417092400	0
isoptericola	0	0	0.0179979122421799071307728300	0	0.0024125452352231604342581400	0	0	0.0034678873630184491607712600
xanthobacter	0	0	0	0	0	0	0.020901068276823037621922900	0
paracoccus	0	0	0	0.0033610056128793735085537600	0.0024125452352231604342581400	0.6160883059905253086275699500	0	0
methylothermus	0	0	0	0	0	0	0.0185787273571760334417092400	0
salmonella	49.353520466269176659744087890	56.025293586269196025293586270	0.1151866383499514056369461100	0.1378012301280543138507041300	1.1749095295536791314837153200	0.3593848451611397633660824700	0.1625638643752902926149558800	0.1595228186988486613954778700
jeotgalicoccus	0	0.0722673893405600722673893400	0	0	0	0	0	0
acinetobacter	0.1272861258122864607757754400	0.2529358626919602529358626900	0.010798747345307944278463700	0.0078423464300518715199587700	0.7985524728588661037394451100	0.0490070243401554222771930600	0.4156990246168137482582443100	0.0381467609932029407684838400
moorella	0	0	0	0.0022406704085862490057025100	0	0	0.1114723641430562006502554600	0
rhodopila	0	0	0	0	0	0	0.0023223409196470041802136600	0.0069357747260368983215425200
iamia	0	0	0	0	0	0.0023336678257216867751044300	0.0952159777055271713887598700	0.0034678873630184491607712600
knoellia	0	0.0180668473351400180668473400	0.0071991648968719628523091300	0	0	0.0210030104314951809759398800	0	0.0034678873630184491607712600
desulfobacula	0	0	0	0	0	0.0396723530372686751767753400	0	0
alloscardovia	0	0	0	0	0	0.0210030104314951809759398800	0	0
candidatus microthrix	0	0.1084010840108401084010840100	0	0	0	0	0	0
erythrobacter	0	0	0.0035995824484359814261545700	0.0044813408171724980114050100	0	0.0046673356514433735502088600	0.1997213190896423594983743600	0
roseomonas	0.006699269779594024251356600	0	0.0071991648968719628523091300	0.0033610056128793735085537600	0	0	0.0023223409196470041802136600	0.2080732417811069496462754900
anoxybacillus	0.013398539559188048502713200	0.0361336946702800361336946700	0.2951657607717504769446744200	0.0504150841931906026283063900	0.1302774427020506634499396900	0.0093346713028867471004177300	3.1630283325592196934509986100	0.0589540851713136357331113900
bdellovibrio	0	0	0	0.0011203352042931245028512500	0	0.0093346713028867471004177300	0.0905712958662331630283325600	0
ruminococcus	0	0.0180668473351400180668473400	0	0.0123236872472243695313637800	0.0096501809408926417370325700	0.0046673356514433735502088600	1.7417556897352531351602415200	0.0069357747260368983215425200
corynebacterium	0.1339853955918804850271320400	0.3794037940379403794037940400	0.3023649256686224397969835500	0.035850726537379984091240100	0.1037394451145958986731001200	0.1516884086719096403817880600	3.5160241523455643288434742200	0.0693577472603689832154251600
rhodocista	0	0	0	0	0	0.133019066066136146180952600	0	0
eubacterium	0	0	0	0	0.0289505428226779252110977100	0	0	0
cardiobacterium	0	0	0	0	0.0434258142340168878166465600	0	0	0
thiorhodospira	0	0	0	0	0	0	0.0255457501161170459823502100	0
bellilinea	0	0	0.0035995824484359814261545700	0.0022406704085862490057025100	0.0048250904704463208685162800	0.0023336678257216867751044300	0.4575011611704598235020901100	0
aquimonas	0	0	0	0.0011203352042931245028512500	0	0	0.3158383650719925685090571300	0
frigoribacterium	0.006699269779594024251356600	0	0	0.0022406704085862490057025100	0.0048250904704463208685162800	0.0140020069543301206506265900	0.0116117045982350209010682800	0.083229296712442779858510200
polynucleobacter	0	0.0180668473351400180668473400	0	0	0.0989143546441495778045838400	0	0	0
pedosphaera	0	0	0	0	0	0	0	0.0554861978082951865723401300
acidovorax	0.0535941582367521940108528200	0.0180668473351400180668473400	0.1943774522155429970123465700	0.0067220112257587470171075200	0.0120627261761158021712907100	0.8074490676997036241861333500	0.5434277751973989781699953600	0.0104036620890553474823137700
sporocytophaga	0	0	0	0.0011203352042931245028512500	0.0289505428226779252110977100	0	0	0
siphonobacter	0.0334963488979701212567830100	0	0	0	0	0	0	0
neisseria	0	0.0361336946702800361336946700	0.0287966595874878514092365300	0	0	0	0	0
dolosigranulum	0	0.0180668473351400180668473400	0	0	0	0	0	0.0242752115411291441253988100
lactobacillus	0	0.0361336946702800361336946700	0.4859436305388574925308664200	0.0100830168386381205256612800	0.0675512665862484921592279900	0.0046673356514433735502088600	0.0394797956339990710636321400	0.1005687335275350256623664900
geodermatophilus	0	0	0	0	0	0.0163356747800518074257310200	0.0023223409196470041802136600	0
alkalibacterium	0	0	0	0.0022406704085862490057025100	0	0.0326713495601036148514620400	0.2275894101254064096609382300	0
solobacterium	0	0.0361336946702800361336946700	0	0.0011203352042931245028512500	0	0	0	0
lentzea	0	0	0	0.0011203352042931245028512500	0.0361881785283474065138721400	0	0	0
coprothermobacter	0	0	0.010798747345307944278463700	0	0	0	0	0
aminobacter	0.0736919675755342667649226200	0	0	0	0	0.0420060208629903619518797700	0.0928936367858801672085462100	0
leptolyngbya	0	0	0	0.0011203352042931245028512500	0	0	0.1439851370181142591732466300	0
tistrella	0	0	0	0	0	0	0.0441244774732930794240594500	0
ignavibacterium	0	0	0	0.0011203352042931245028512500	0.0024125452352231604342581400	0.0023336678257216867751044300	0.130051091500232234091964700	0
alkalibacter	0	0	0	0.0011203352042931245028512500	0	0.0070010034771650603253132900	0.3274500696702275894101254100	0
dechloromonas	0	0	0.0251970771390518699830819600	0	0	0	0	0
methylobacterium	0.0937897769143163395189924300	0.1626016260162601626016260200	0.021597494690615888556927400	0.0593777658275355986511164100	0.0410132689987937273823884200	0.1260180625889710858556393100	0.0696702275894101254064096600	7.1091690941878207795810792100
gemella	0.0535941582367521940108528200	0	0.0035995824484359814261545700	0	0	0	0	0
rhodopseudomonas	0	0	0	0	0.0265379975874547647768395700	0	0.2066883418485833720390153300	0
pantoea	42.593957258658806190125276340	33.911472448057813911472448060	0.615528598682552823872430800	0.8996291690473789757895562400	86.31845597104945717732207479	4.8750320879326036731931576900	30.046446818392940083604273110	3.0135941184630323207102233300
dokdonella	0.006699269779594024251356600	0	0.0035995824484359814261545700	0.0033610056128793735085537600	0.0048250904704463208685162800	0.0186693426057734942008354500	1.0450534138411518810961449100	0.0069357747260368983215425200
anaerobiospirillum	0	0	0	0	0	0.0186693426057734942008354500	0	0
halothiobacillus	0	0	0.0035995824484359814261545700	0.0011203352042931245028512500	0	0	0.1672085462145843009753831900	0
longilinea	0	0	0.0071991648968719628523091300	0.0100830168386381205256612800	0	0	1.1774268462610311193683232700	0
aridibacter	0	0	0.0035995824484359814261545700	0.0022406704085862490057025100	0	0	0.5527171388759869948908499800	0
bosea	0	0	0	0	0.0868516284680337756332931200	0.0023336678257216867751044300	0.0998606595448211797491871800	0.0034678873630184491607712600
rhodococcus	0.0267970791183760970054264100	0	0	0.0022406704085862490057025100	0.0024125452352231604342581400	0.0350050173858253016265664700	0.2020436600092893636785880200	0.0104036620890553474823137700
oxalobacter	0.1540832049306625577812018500	0.1084010840108401084010840100	0.0539937367265397213923184900	0.0560167602146562251425626500	0.1833534378769601930036188200	0.0816783739002590371286551100	0.1254064096609382257315373900	10.188653072548203634345956440
spiroplasma	0	0	0	0	0.0072376357056694813027744300	0	0	0.0034678873630184491607712600
mesorhizobium	0	0	0	0	0.0289505428226779252110977100	0.0116683391286084338755221600	0	0
klebsiella	0.0200978093387820727540698100	0.0722673893405600722673893400	0	0.0056016760214656225142562700	0.0868516284680337756332931200	0.0046673356514433735502088600	0.0534138411518810961449140700	0
haliangium	0	0	0	0	0	0	0	0.0104036620890553474823137700
agrobacterium	0	0	0	0	0	0.1983617651863433758838766900	0	0
pelistega	0.006699269779594024251356600	0	0	0	0	0	0	0.0069357747260368983215425200
thiomicrospira	0	0	0	0.0011203352042931245028512500	0	0	0.0534138411518810961449140700	0
photobacterium	0	0	0	0	0	0.0396723530372686751767753400	0	0
peptoniphilus	0.0401956186775641455081396100	0	0	0	0.1326899879372738238841978300	0.0093346713028867471004177300	0	0
altererythrobacter	0.006699269779594024251356600	0	0	0	0.0144752714113389626055488500	0.0256703460829385545261487500	0.2090106827682303762192289800	0
erysipelothrix	0.013398539559188048502713200	0.0361336946702800361336946700	0	0	0	0	0	0
devosia	0	0	0	0	0	0.0070010034771650603253132900	0.0023223409196470041802136600	0.0104036620890553474823137700
halomonas	0.0200978093387820727540698100	0.0722673893405600722673893400	0.212375364457722904143119400	0.0033610056128793735085537600	0.1712907117008443908323281100	0.0793447060745373503535506800	0.1416627960984672549930329800	0
pseudoxanthomonas	0.013398539559188048502713200	0.0180668473351400180668473400	0.0575933191749757028184730600	0.0022406704085862490057025100	0.0120627261761158021712907100	0.0070010034771650603253132900	1.1658151416627960984672549900	0.0069357747260368983215425200
levilinea	0	0	0	0	0	0	0.2020436600092893636785880200	0
xylella	0	0	0	0	0	0.0116683391286084338755221600	0	0
comamonas	0	0.0180668473351400180668473400	0.0179979122421799071307728300	0	0.0024125452352231604342581400	0.0023336678257216867751044300	0.1555968416163492800743149100	0.0034678873630184491607712600
desulfuromonas	0	0	0	0.0011203352042931245028512500	0	0.0023336678257216867751044300	0.1114723641430562006502554600	0
aphanothece	0	0	0	0	0	0	0.0534138411518810961449140700	0
skermanella	0	0	0	0.0044813408171724980114050100	0	0.0093346713028867471004177300	0.0046446818392940083604273100	0.2739631016784574837009293900
dehalococcoides	0	0	0	0.0011203352042931245028512500	0	0	0.0371574547143520668834184900	0
staphylococcus	0.7503182153145307161519394400	0.361336946702800361336946700	0.0791908138655915913754004500	0.0224067040858624900570250600	0.6948130277442702050663449900	0.1913607617091783155585633900	1.0915002322340919647004180200	0.0277430989041475932861700700
halospirulina	0.0401956186775641455081396100	0.3432700993676603432700993700	0.0179979122421799071307728300	0.0280083801073281125712813300	4.5307599517490952955367913100	0.3803878555926349443420223600	0.0301904319554110543427775200	0.703981134692745179636565400
actinomadura	0	0	0	0	0	0	0.0371574547143520668834184900	0
roseovarius	0	0	0	0	0	0.0396723530372686751767753400	0	0
finegoldia	0.006699269779594024251356600	0	0.0035995824484359814261545700	0.0022406704085862490057025100	0.0024125452352231604342581400	0.0233366782572168677510443200	0.1788202508128193218764514600	0
candidatus alysiosphaera	0.006699269779594024251356600	0	0	0	0	0	0	0.0624219725343320848938826500
stenotrophomonas	0.013398539559188048502713200	0.0361336946702800361336946700	0.010798747345307944278463700	0.0044813408171724980114050100	0.4414957780458383594692400500	0.0186693426057734942008354500	0.6781235485369252206223873700	0.0104036620890553474823137700
ethanoligenens	0	0.0722673893405600722673893400	0	0	0	0	0	0.0069357747260368983215425200
tepidiphilus	0	0	0.010798747345307944278463700	0.0044813408171724980114050100	0.0024125452352231604342581400	0.0070010034771650603253132900	0.9126799814212726428239665600	0.0069357747260368983215425200
proteiniphilum	0.0267970791183760970054264100	0	0.021597494690615888556927400	0.0123236872472243695313637800	0	0.0070010034771650603253132900	1.8810961449140733859730608500	0
bradyrhizobium	0.006699269779594024251356600	0.0180668473351400180668473400	0	0.0011203352042931245028512500	0.0024125452352231604342581400	0.0023336678257216867751044300	0.390153274500696702275894100	0
rufibacter	0	0	0.1475828803858752384723372100	0	0	0	0	0
laceyella	0	0.1445347786811201445347786800	0	0	0	0	0	0
dietzia	0.0468948884571581697594962100	0	0.2483711889420827184046650600	0.0033610056128793735085537600	0.0506634499396863691194209900	0	0.0464468183929400836042731100	0.0208073241781106949646275500
deinococcus	0	0	0	0	0	0	0	0.0138715494520737966430850300
veillonella	0	0	0	0.0022406704085862490057025100	0	0.0046673356514433735502088600	0.130051091500232234091964700	0
crocinitomix	0	0	0	0.0033610056128793735085537600	0	0	0.2066883418485833720390153300	0
atopostipes	0.0334963488979701212567830100	0.1626016260162601626016260200	0.2447716064936467369785104900	0.0145643576558106185370662900	0.6224366706875753920386007200	0.2006954330120650626589811200	0.2113330236878773803994426400	0.0069357747260368983215425200
burkholderia	0.0200978093387820727540698100	0.1626016260162601626016260200	0	0	0.0361881785283474065138721400	0	0.1416627960984672549930329800	0.0138715494520737966430850300
roseburia	0.0267970791183760970054264100	0	0	0	0	0	0	0.0034678873630184491607712600
nubsella	0	0	0.0035995824484359814261545700	0.0011203352042931245028512500	0.0024125452352231604342581400	0.0816783739002590371286551100	0.4296330701346957733395262400	0
candidatus soleaferrea	0	0	0	0.0011203352042931245028512500	0	0	0.1764979098931723176962378100	0
arthrobacter	0.0535941582367521940108528200	0.1626016260162601626016260200	0.0251970771390518699830819600	0.0616184362361218476568189200	0.0193003618817852834740651400	0.1446874051947445800564747600	0.1950766372503483511379470500	3.1453738382577333888195311400
cupriavidus	0	0	0	0.0011203352042931245028512500	0	0.0863457095517024106788639700	0.4435671156525777984208081700	0
streptococcus	0.3818583774368593823273263200	0.5239385727190605239385727200	0.413951981570137864007775100	0.0078423464300518715199587700	0.2605548854041013268998793700	0.2497024573522204849361741800	0.7965629354389224338132837900	0.0450825357192398390900263600
rubrobacter	0	0	0	0	0	0	0.0441244774732930794240594500	0
methylophilus	0.006699269779594024251356600	0	0	0	0.0506634499396863691194209900	0	0	0
thermus	0	0	0	0	0	0	0.0092893636785880167208546200	0
modestobacter	0	0.0180668473351400180668473400	0	0.0078423464300518715199587700	0	0.0023336678257216867751044300	0.0069670227589410125406409700	0.3155777500346788736301844900
pediococcus	0	0	0	0.0011203352042931245028512500	0	0	0	0.0138715494520737966430850300
massilia	0.5359415823675219401085281700	0.9033423667570009033423667600	0.2699686836326986069615924600	0.3148141924063679853012021200	0.535585042219541616405307600	0.4667335651443373550208863300	0.2670692057594054807245703700	66.267859619919545013177971980
